a	b	nSites	J9	J8	J7	J6	J5	J4	J3	J2	J1	rab	Fa	Fb	theta	inbred_relatedness_1_2	inbred_relatedness_2_1	fraternity	identity	zygosity	2of3_IDB	FDiff	loglh	nIter	bestoptimll	coverage	2dsfs	R0	R1	KING	2dsfs_loglike	2dsfsf_niter	cov	deamination	kinship	degree	program	RMSE
childA	childE	99381	0.810126	0.189862	9e-06	0.0	0.0	0.0	0.0	0.0	3e-06	0.094942	3e-06	3e-06	0.047473	3e-06	3e-06	9e-06	3e-06	1.2e-05	0.094943	-0.0	-156413.182513	67	-1	1.0	3.394355e-01,1.738599e-01,1.925316e-02,1.729840e-01,1.824853e-01,4.043137e-02,2.072009e-02,4.080189e-02,1.002882e-02	0.219049	0.389884	0.129297	-173591.463848	6	8	no_deam	A	2	ngsrelate	0.2532217177369798
childA	childF	99380	0.818501	0.181495	3e-06	0.0	0.0	0.0	0.0	1e-06	0.0	0.090751	1e-06	1e-06	0.045376	0.0	0.0	4e-06	0.0	4e-06	0.090752	0.0	-156968.102167	66	-1	0.99999	3.384670e-01,1.737827e-01,2.033523e-02,1.722691e-01,1.808402e-01,4.275924e-02,2.089555e-02,4.039865e-02,1.025229e-02	0.227996	0.384406	0.12439	-174274.15851	6	8	no_deam	A	2	ngsrelate	0.2600566105261186
childB	childD	99379	0.781398	0.218593	6e-06	0.0	0.0	0.0	0.0	1e-06	1e-06	0.109303	2e-06	2e-06	0.054652	1e-06	1e-06	8e-06	1e-06	8e-06	0.109305	-0.0	-158878.746215	54	-1	0.99998	3.356023e-01,1.771179e-01,2.295448e-02,1.682419e-01,1.799472e-01,4.694374e-02,1.829646e-02,3.831969e-02,1.257623e-02	0.229239	0.381346	0.123268	-175324.959679	6	8	no_deam	A	2	ngsrelate	0.2297641791700061
childA	childE	98877	0.81729	0.182686	2.4e-05	0.0	0.0	0.0	0.0	0.0	0.0	0.091367	0.0	0.0	0.045684	0.0	0.0	2.4e-05	0.0	2.4e-05	0.091367	0.0	-154159.411878	86	-1	0.996302	3.394243e-01,1.727746e-01,1.956965e-02,1.733523e-01,1.829715e-01,3.974255e-02,2.075169e-02,4.131031e-02,1.010314e-02	0.220369	0.391382	0.12902	-170674.626333	13	4	no_deam	A	2	ngsrelate	0.25907599867735076
childA	childF	98894	0.819146	0.18082	3.3e-05	0.0	0.0	0.0	0.0	0.0	0.0	0.090444	0.0	0.0	0.045222	0.0	0.0	3.3e-05	0.0	3.3e-05	0.090444	-0.0	-154659.316685	78	-1	0.996473	3.380999e-01,1.740754e-01,1.966233e-02,1.725990e-01,1.805004e-01,4.292835e-02,2.095932e-02,4.101595e-02,1.015927e-02	0.22505	0.383032	0.125385	-171215.115632	10	4	no_deam	A	2	ngsrelate	0.2605954993247837
childB	childD	98872	0.787039	0.212961	1e-06	0.0	0.0	0.0	0.0	0.0	0.0	0.106481	0.0	0.0	0.05324	0.0	0.0	1e-06	0.0	1e-06	0.106481	-0.0	-156392.547995	86	-1	0.996252	3.350971e-01,1.766315e-01,2.282139e-02,1.686067e-01,1.810372e-01,4.677175e-02,1.808897e-02,3.879835e-02,1.214711e-02	0.225978	0.383782	0.125134	-172116.749764	10	4	no_deam	A	2	ngsrelate	0.23436636209362469
childA	childE	68495	0.883171	0.116763	6.5e-05	0.0	0.0	0.0	0.0	0.0	0.0	0.058447	0.0	0.0	0.029224	0.0	0.0	6.5e-05	0.0	6.5e-05	0.058447	-0.0	-92665.641298	158	-1	0.697122	3.330512e-01,1.793420e-01,1.827983e-02,1.768736e-01,1.831888e-01,4.001846e-02,2.118352e-02,3.923901e-02,8.823584e-03	0.215424	0.385712	0.130027	-101423.274667	34	1	no_deam	A	2	ngsrelate	0.3128847592085623
childA	childF	66434	0.872563	0.127408	2.9e-05	0.0	0.0	0.0	0.0	0.0	1e-06	0.063734	1e-06	1e-06	0.031867	1e-06	1e-06	2.9e-05	1e-06	3e-05	0.063734	0.0	-90013.470528	86	-1	0.676146	3.277071e-01,1.882195e-01,1.604994e-02,1.677207e-01,1.951470e-01,3.738481e-02,1.881576e-02,4.171454e-02,7.240636e-03	0.178664	0.41529	0.151958	-98474.502858	30	1	no_deam	A	2	ngsrelate	0.3042082555717382
childB	childD	66644	0.843105	0.155803	0.001091	0.0	0.0	0.0	0.0	0.0	1e-06	0.078993	1e-06	1e-06	0.039497	1e-06	1e-06	0.001091	1e-06	0.001092	0.078993	-0.0	-90974.444587	158	-1	0.678283	3.260144e-01,1.725608e-01,2.241125e-02,1.809904e-01,1.965122e-01,4.685205e-02,1.427300e-02,3.058998e-02,9.795915e-03	0.186677	0.420187	0.149443	-99006.356261	38	1	no_deam	A	2	ngsrelate	0.280590927695462
childA	childE	99408	0.80947	0.190509	2e-05	0.0	0.0	0.0	0.0	1e-06	0.0	0.095275	1e-06	1e-06	0.047637	0.0	0.0	2.1e-05	0.0	2.2e-05	0.095276	0.0	-156456.990113	70	-1	1.0	3.393584e-01,1.737388e-01,1.929391e-02,1.729144e-01,1.828729e-01,4.015774e-02,2.067212e-02,4.093224e-02,1.005952e-02	0.218545	0.390997	0.129732	-173717.021727	5	20	no_deam	A	2	ngsrelate	0.2526897705230665
childA	childF	99408	0.814643	0.185355	2e-06	0.0	0.0	0.0	0.0	0.0	0.0	0.092679	0.0	0.0	0.04634	0.0	0.0	2e-06	0.0	2e-06	0.092679	0.0	-156982.572406	102	-1	1.0	3.385535e-01,1.737486e-01,2.008900e-02,1.722702e-01,1.809306e-01,4.274415e-02,2.081306e-02,4.048958e-02,1.036130e-02	0.226065	0.384832	0.1253	-174370.963714	5	20	no_deam	A	2	ngsrelate	0.2569057502133159
childB	childD	99408	0.779832	0.220168	0.0	0.0	0.0	0.0	0.0	0.0	0.0	0.110084	0.0	0.0	0.055042	0.0	0.0	0.0	0.0	0.0	0.110084	0.0	-158929.51275	86	-1	1.0	3.357776e-01,1.769575e-01,2.288675e-02,1.683173e-01,1.801863e-01,4.665483e-02,1.830833e-02,3.844762e-02,1.246371e-02	0.228625	0.382097	0.123675	-175379.008126	5	20	no_deam	A	2	ngsrelate	0.2284818712341674
childA	childE	91851	0.838505	0.161389	0.000105	0.0	0.0	0.0	0.0	0.0	0.0	0.0808	0.0	0.0	0.0404	0.0	0.0	0.000105	0.0	0.000106	0.0808	-0.0	-135542.751925	94	-1	0.928717	3.376831e-01,1.761144e-01,1.937893e-02,1.733834e-01,1.840311e-01,4.002472e-02,1.991691e-02,3.946927e-02,9.998126e-03	0.213528	0.392987	0.132286	-149247.33008	18	2	no_deam	A	2	ngsrelate	0.27643145948016357
childA	childF	91877	0.845315	0.154637	4.8e-05	0.0	0.0	0.0	0.0	0.0	0.0	0.077366	0.0	0.0	0.038683	0.0	0.0	4.8e-05	0.0	4.8e-05	0.077367	0.0	-135823.137861	86	-1	0.928979	3.369380e-01,1.758997e-01,2.020629e-02,1.727453e-01,1.814403e-01,4.321381e-02,2.048436e-02,3.941979e-02,9.652405e-03	0.224265	0.384433	0.125994	-149638.488835	18	2	no_deam	A	2	ngsrelate	0.2819681148037842
childB	childD	91923	0.807966	0.192032	1e-06	0.0	0.0	0.0	0.0	0.0	0.0	0.096018	0.0	0.0	0.048009	0.0	0.0	2e-06	0.0	2e-06	0.096018	0.0	-137773.315189	82	-1	0.929445	3.336529e-01,1.781057e-01,2.282323e-02,1.701026e-01,1.807278e-01,4.725975e-02,1.789756e-02,3.749634e-02,1.193418e-02	0.225316	0.381536	0.124979	-150772.070993	18	2	no_deam	A	2	ngsrelate	0.25145400254055744
childA	childE	99398	0.810039	0.189959	2e-06	0.0	0.0	0.0	0.0	0.0	0.0	0.094981	0.0	0.0	0.047491	0.0	0.0	2e-06	0.0	2e-06	0.094981	0.0	-156417.453622	250	-1	1.0	3.392404e-01,1.737909e-01,1.935158e-02,1.728621e-01,1.828064e-01,4.024397e-02,2.063938e-02,4.087361e-02,1.019165e-02	0.218761	0.390811	0.129602	-173714.484118	6	10	no_deam	A	2	ngsrelate	0.25314659995478245
childA	childF	99398	0.814916	0.18508	3e-06	0.0	0.0	0.0	0.0	0.0	0.0	0.092544	0.0	0.0	0.046272	0.0	0.0	4e-06	0.0	4e-06	0.092544	0.0	-156937.102327	70	-1	1.0	3.386837e-01,1.736191e-01,2.006584e-02,1.722341e-01,1.808925e-01,4.279972e-02,2.083551e-02,4.062149e-02,1.024803e-02	0.226109	0.384734	0.125262	-174298.680294	6	10	no_deam	A	2	ngsrelate	0.2571294702836167
childB	childD	99398	0.780119	0.219877	4e-06	0.0	0.0	0.0	0.0	0.0	0.0	0.109943	0.0	0.0	0.054971	0.0	0.0	5e-06	0.0	5e-06	0.109943	-0.0	-158912.970331	82	-1	1.0	3.357694e-01,1.772241e-01,2.299827e-02,1.682645e-01,1.799341e-01,4.678343e-02,1.823183e-02,3.824883e-02,1.254562e-02	0.22914	0.381418	0.123324	-175343.632069	6	10	no_deam	A	2	ngsrelate	0.22871783876354435
childA	childE	99418	0.810878	0.189119	3e-06	0.0	0.0	0.0	0.0	0.0	0.0	0.094563	0.0	0.0	0.047281	0.0	0.0	3e-06	0.0	3e-06	0.094563	0.0	-157851.015627	78	-1	0.99999	3.377245e-01,1.743407e-01,1.914676e-02,1.730047e-01,1.841686e-01,4.029985e-02,2.052504e-02,4.070618e-02,1.008379e-02	0.21541	0.393503	0.131576	-175078.529597	5	8	deam	A	2	ngsrelate	0.2538320488393851
childA	childF	99416	0.81542	0.184539	3.9e-05	0.0	0.0	0.0	0.0	1e-06	0.0	0.092309	1e-06	1e-06	0.046155	0.0	0.0	4e-05	0.0	4e-05	0.09231	0.0	-158345.784505	54	-1	0.99997	3.370536e-01,1.741804e-01,1.997445e-02,1.726118e-01,1.820690e-01,4.279770e-02,2.059537e-02,4.047227e-02,1.024535e-02	0.222827	0.386861	0.127083	-175642.188608	6	8	deam	A	2	ngsrelate	0.2575560912642785
childB	childD	99413	0.779448	0.220547	4e-06	0.0	0.0	0.0	0.0	0.0	0.0	0.110278	0.0	0.0	0.055139	0.0	0.0	4e-06	0.0	4e-06	0.110278	0.0	-160120.990517	82	-1	0.99994	3.343587e-01,1.773786e-01,2.275837e-02,1.686041e-01,1.814207e-01,4.658414e-02,1.807951e-02,3.834647e-02,1.246932e-02	0.2251	0.384569	0.125662	-176503.834998	5	8	deam	A	2	ngsrelate	0.2281703778093613
childA	childE	99402	0.814027	0.185968	5e-06	0.0	0.0	0.0	0.0	0.0	0.0	0.092989	0.0	0.0	0.046494	0.0	0.0	5e-06	0.0	5e-06	0.092989	0.0	-161291.267374	298	-1	0.999889	3.341350e-01,1.751957e-01,1.892522e-02,1.741554e-01,1.871395e-01,4.030265e-02,1.994227e-02,4.041241e-02,9.791791e-03	0.207693	0.399075	0.136017	-178165.288182	9	4	deam	A	2	ngsrelate	0.25640401308481886
childA	childF	99403	0.817243	0.182722	3.2e-05	0.0	1e-06	0.0	0.0	1e-06	0.0	0.091394	1e-06	2e-06	0.045697	0.0	1e-06	3.3e-05	0.0	3.3e-05	0.091395	-0.0	-161894.288967	74	-1	0.999899	3.333204e-01,1.752822e-01,1.968452e-02,1.733060e-01,1.854320e-01,4.283082e-02,2.018747e-02,3.988727e-02,1.006938e-02	0.215022	0.393549	0.131753	-178838.23069	9	4	deam	A	2	ngsrelate	0.25904211456633847
childB	childD	99406	0.783502	0.216494	1e-06	0.0	0.0	0.0	0.0	2e-06	1e-06	0.108249	3e-06	3e-06	0.054125	1e-06	1e-06	4e-06	1e-06	4e-06	0.108251	-0.0	-163858.075377	70	-1	0.99993	3.305299e-01,1.783796e-01,2.234157e-02,1.693016e-01,1.845560e-01,4.643419e-02,1.806011e-02,3.813785e-02,1.225915e-02	0.218913	0.390467	0.12947	-179921.332656	7	4	deam	A	2	ngsrelate	0.2314800466858141
childA	childE	89607	0.844251	0.155738	9e-06	0.0	0.0	0.0	0.0	0.0	2e-06	0.07788	2e-06	2e-06	0.038941	2e-06	2e-06	9e-06	2e-06	1.1e-05	0.07788	0.0	-139046.485188	110	-1	0.904482	3.313496e-01,1.787631e-01,1.791337e-02,1.745085e-01,1.890523e-01,3.994715e-02,1.966110e-02,3.982782e-02,8.977075e-03	0.198752	0.401708	0.140422	-151831.729575	22	1	deam	A	2	ngsrelate	0.281084255296047
childA	childF	89494	0.853342	0.146609	5e-05	0.0	0.0	0.0	0.0	0.0	0.0	0.073354	0.0	0.0	0.036677	0.0	0.0	5e-05	0.0	5e-05	0.073354	-0.0	-139367.791027	90	-1	0.903341	3.320218e-01,1.750500e-01,1.992300e-02,1.739341e-01,1.864365e-01,4.370516e-02,2.064549e-02,3.958792e-02,8.696133e-03	0.2176	0.394286	0.130782	-152223.591738	18	1	deam	A	2	ngsrelate	0.28852254120201193
childB	childD	89664	0.830716	0.168711	0.000571	0.0	0.0	0.0	0.0	0.0	2e-06	0.084928	2e-06	2e-06	0.042465	2e-06	2e-06	0.000571	2e-06	0.000573	0.084929	-0.0	-141105.633828	54	-1	0.905057	3.295849e-01,1.800888e-01,2.302416e-02,1.717712e-01,1.852291e-01,4.418222e-02,1.824971e-02,3.607176e-02,1.179825e-02	0.222826	0.391284	0.12794	-153247.285123	18	1	deam	A	2	ngsrelate	0.2702627118305446
childA	childE	99410	0.809267	0.190686	4.4e-05	0.0	0.0	0.0	0.0	3e-06	0.0	0.095387	3e-06	3e-06	0.047694	0.0	0.0	4.7e-05	0.0	4.7e-05	0.09539	0.0	-156476.382568	79	-1	1.0	3.393081e-01,1.737321e-01,1.922382e-02,1.729690e-01,1.829343e-01,4.010877e-02,2.073213e-02,4.089853e-02,1.009321e-02	0.218417	0.391166	0.12982	-173735.558836	5	20	deam	A	2	ngsrelate	0.2525346377700822
childA	childF	99410	0.814498	0.185498	4e-06	0.0	0.0	0.0	0.0	0.0	0.0	0.092753	0.0	0.0	0.046377	0.0	0.0	4e-06	0.0	4e-06	0.092753	-0.0	-157004.037301	94	-1	1.0	3.384358e-01,1.737934e-01,2.003503e-02,1.721314e-01,1.809946e-01,4.288755e-02,2.084843e-02,4.045878e-02,1.041503e-02	0.225882	0.384968	0.125405	-174420.962972	5	20	deam	A	2	ngsrelate	0.25678817471734694
childB	childD	99410	0.779977	0.219998	2.5e-05	0.0	0.0	0.0	0.0	1e-06	0.0	0.110024	1e-06	1e-06	0.055012	0.0	0.0	2.6e-05	0.0	2.6e-05	0.110025	-0.0	-158942.91816	70	-1	1.0	3.356935e-01,1.770459e-01,2.289744e-02,1.681933e-01,1.802103e-01,4.678264e-02,1.828708e-02,3.838598e-02,1.250376e-02	0.228536	0.382131	0.12372	-175414.35127	5	20	deam	A	2	ngsrelate	0.22861047012914057
childA	childE	98597	0.836084	0.163907	9e-06	0.0	0.0	0.0	0.0	0.0	0.0	0.081963	0.0	0.0	0.040981	0.0	0.0	1e-05	0.0	1e-05	0.081963	-0.0	-162526.583186	94	-1	0.993211	3.318898e-01,1.760905e-01,1.912738e-02,1.755212e-01,1.875925e-01,3.969926e-02,2.020940e-02,3.994749e-02,9.922545e-03	0.209693	0.398628	0.135061	-178502.671669	10	2	deam	A	2	ngsrelate	0.2744151112129214
childA	childF	98587	0.831415	0.168486	9.9e-05	0.0	0.0	0.0	0.0	0.0	0.0	0.084342	0.0	0.0	0.042171	0.0	0.0	9.9e-05	0.0	9.9e-05	0.084342	-0.0	-163323.674834	102	-1	0.99311	3.316909e-01,1.755675e-01,1.966871e-02,1.735052e-01,1.869153e-01,4.262063e-02,2.030770e-02,3.972847e-02,9.995589e-03	0.213874	0.396513	0.132831	-179334.038209	10	2	deam	A	2	ngsrelate	0.2706396400024702
childB	childD	98581	0.794679	0.205226	9.5e-05	0.0	0.0	0.0	0.0	0.0	0.0	0.102708	0.0	0.0	0.051354	0.0	0.0	9.5e-05	0.0	9.5e-05	0.102708	-0.0	-164409.010167	86	-1	0.993049	3.282175e-01,1.791146e-01,2.238464e-02,1.700367e-01,1.869590e-01,4.630108e-02,1.731958e-02,3.753632e-02,1.213063e-02	0.212369	0.395519	0.133287	-179512.677951	11	2	deam	A	2	ngsrelate	0.2406431889347103
childA	childE	99410	0.809303	0.190694	3e-06	0.0	0.0	0.0	0.0	0.0	0.0	0.09535	0.0	0.0	0.047675	0.0	0.0	3e-06	0.0	3e-06	0.09535	-0.0	-157085.00083	94	-1	1.0	3.384842e-01,1.740170e-01,1.930313e-02,1.728254e-01,1.835382e-01,4.040268e-02,2.051045e-02,4.081588e-02,1.010299e-02	0.216923	0.392281	0.130683	-174339.119971	5	10	deam	A	2	ngsrelate	0.2525460667244691
childA	childF	99410	0.815131	0.184869	0.0	0.0	0.0	0.0	0.0	0.0	0.0	0.092434	0.0	0.0	0.046217	0.0	0.0	0.0	0.0	0.0	0.092434	-0.0	-157660.670962	258	-1	1.0	3.378097e-01,1.739372e-01,2.005193e-02,1.723743e-01,1.816005e-01,4.279869e-02,2.069069e-02,4.048038e-02,1.025655e-02	0.224353	0.38611	0.126282	-174997.057998	5	10	deam	A	2	ngsrelate	0.2573033840443353
childB	childD	99408	0.779167	0.220828	4e-06	0.0	0.0	0.0	0.0	0.0	0.0	0.110419	0.0	0.0	0.055209	0.0	0.0	4e-06	0.0	4e-06	0.110419	-0.0	-159602.279276	66	-1	0.99998	3.349251e-01,1.772273e-01,2.278273e-02,1.684462e-01,1.809471e-01,4.663723e-02,1.818484e-02,3.839174e-02,1.245778e-02	0.226406	0.383631	0.124921	-176008.750534	5	10	deam	A	2	ngsrelate	0.22794094227014158
childA	childE	99378	0.809527	0.190446	2.7e-05	0.0	0.0	0.0	0.0	0.0	0.0	0.09525	0.0	0.0	0.047625	0.0	0.0	2.7e-05	0.0	2.7e-05	0.09525	0.0	-156390.962271	106	-1	0.99997	3.394872e-01,1.737641e-01,1.952231e-02,1.725918e-01,1.827634e-01,4.044740e-02,2.046933e-02,4.084997e-02,1.010439e-02	0.218816	0.390817	0.12958	-173618.492712	6	8	no_deam	A	2	ngsrelate	0.2527387606297591
childA	childF	99379	0.816467	0.183508	2.3e-05	0.0	0.0	0.0	0.0	2e-06	0.0	0.091777	2e-06	2e-06	0.045888	0.0	0.0	2.5e-05	0.0	2.5e-05	0.091779	0.0	-156926.310251	70	-1	0.99998	3.386390e-01,1.739165e-01,2.024038e-02,1.721987e-01,1.808637e-01,4.274205e-02,2.080449e-02,4.028217e-02,1.031295e-02	0.226938	0.384666	0.124893	-174221.269258	7	8	no_deam	A	2	ngsrelate	0.2584044302264702
childB	childD	99379	0.782124	0.217876	0.0	0.0	0.0	0.0	0.0	0.0	0.0	0.108938	0.0	0.0	0.054469	0.0	0.0	0.0	0.0	0.0	0.108938	-0.0	-158897.043589	70	-1	0.99998	3.357045e-01,1.770218e-01,2.299014e-02,1.683455e-01,1.800817e-01,4.645991e-02,1.839808e-02,3.841364e-02,1.258472e-02	0.22983	0.381829	0.123108	-175311.606513	6	8	no_deam	A	2	ngsrelate	0.23035328139765382
childA	childE	98883	0.817783	0.182216	0.0	0.0	0.0	0.0	0.0	0.0	0.0	0.091109	0.0	0.0	0.045554	0.0	0.0	0.0	0.0	0.0	0.091109	0.0	-154107.028438	94	-1	0.996342	3.393222e-01,1.738770e-01,1.954251e-02,1.724584e-01,1.832216e-01,3.992188e-02,2.087134e-02,4.055313e-02,1.023188e-02	0.220574	0.392149	0.129081	-170610.720376	10	4	no_deam	A	2	ngsrelate	0.25946914122556725
childA	childF	98887	0.820754	0.179218	2.8e-05	0.0	0.0	0.0	0.0	0.0	0.0	0.089637	0.0	0.0	0.044818	0.0	0.0	2.8e-05	0.0	2.8e-05	0.089637	0.0	-154662.783253	82	-1	0.996383	3.384947e-01,1.740825e-01,2.017915e-02,1.716718e-01,1.809091e-01,4.307918e-02,2.091628e-02,4.048146e-02,1.018583e-02	0.227161	0.384577	0.124781	-171216.159299	10	4	no_deam	A	2	ngsrelate	0.261905976019385
childB	childD	98865	0.791392	0.2086	7e-06	0.0	0.0	0.0	0.0	0.0	0.0	0.104307	0.0	0.0	0.052154	0.0	0.0	7e-06	0.0	7e-06	0.104307	0.0	-156431.037889	90	-1	0.996161	3.349353e-01,1.769039e-01,2.281532e-02,1.695012e-01,1.804041e-01,4.639859e-02,1.842702e-02,3.810233e-02,1.251215e-02	0.228611	0.382092	0.12368	-172155.856032	10	4	no_deam	A	2	ngsrelate	0.23792383775275647
childA	childE	68575	0.881398	0.118577	2.5e-05	0.0	0.0	0.0	0.0	0.0	0.0	0.059314	0.0	0.0	0.029657	0.0	0.0	2.5e-05	0.0	2.5e-05	0.059314	0.0	-92779.413228	82	-1	0.697007	3.338058e-01,1.809734e-01,1.852028e-02,1.778370e-01,1.783566e-01,4.144565e-02,2.022890e-02,3.965037e-02,9.181902e-03	0.217257	0.37262	0.126608	-101630.095421	30	1	no_deam	A	2	ngsrelate	0.31142036968166786
childA	childF	68770	0.89966	0.100336	2e-06	0.0	0.0	0.0	0.0	0.0	2e-06	0.050172	2e-06	2e-06	0.025087	2e-06	2e-06	2e-06	2e-06	4e-06	0.050172	0.0	-92883.778602	86	-1	0.698989	3.319106e-01,1.821936e-01,1.905140e-02,1.774279e-01,1.794548e-01,4.119280e-02,2.065193e-02,3.938038e-02,8.736577e-03	0.221244	0.373944	0.1252	-101846.787841	31	1	no_deam	A	2	ngsrelate	0.3263226565328658
childB	childD	68549	0.853887	0.144734	0.001374	2e-06	0.0	1e-06	0.0	0.0	2e-06	0.073743	4e-06	4e-06	0.036873	2e-06	2e-06	0.001374	2e-06	0.001376	0.073745	-0.0	-94006.403752	134	-1	0.696742	3.332555e-01,1.765353e-01,2.452045e-02,1.684856e-01,1.838672e-01,4.430391e-02,2.005415e-02,3.837943e-02,1.059854e-02	0.242428	0.389319	0.119076	-102420.733584	34	1	no_deam	A	2	ngsrelate	0.2895121341158835
childA	childE	99408	0.809486	0.190499	1.5e-05	0.0	0.0	0.0	0.0	0.0	0.0	0.095265	0.0	0.0	0.047632	0.0	0.0	1.5e-05	0.0	1.5e-05	0.095265	0.0	-156456.789249	86	-1	1.0	3.392884e-01,1.737318e-01,1.925072e-02,1.729716e-01,1.828657e-01,4.010705e-02,2.071258e-02,4.094226e-02,1.012993e-02	0.218539	0.390976	0.12973	-173734.915783	5	20	no_deam	A	2	ngsrelate	0.25270038479195084
childA	childF	99408	0.814548	0.185447	5e-06	0.0	0.0	0.0	0.0	0.0	0.0	0.092728	0.0	0.0	0.046364	0.0	0.0	5e-06	0.0	5e-06	0.092728	0.0	-156981.923079	82	-1	1.0	3.385501e-01,1.736420e-01,2.007884e-02,1.721192e-01,1.809514e-01,4.287383e-02,2.082311e-02,4.059027e-02,1.037133e-02	0.226038	0.384899	0.125324	-174405.324349	5	20	no_deam	A	2	ngsrelate	0.25682940780344193
childB	childD	99408	0.779963	0.22002	1.4e-05	0.0	0.0	1e-06	0.0	3e-06	0.0	0.110024	3e-06	3e-06	0.055012	0.0	0.0	1.7e-05	0.0	1.7e-05	0.110027	0.0	-158930.270933	86	-1	1.0	3.357071e-01,1.769948e-01,2.291865e-02,1.682865e-01,1.801870e-01,4.667632e-02,1.828821e-02,3.840735e-02,1.253417e-02	0.22869	0.382099	0.123648	-175400.89504	5	20	no_deam	A	2	ngsrelate	0.22859577275546164
childA	childE	91920	0.835172	0.164816	1.3e-05	0.0	0.0	0.0	0.0	0.0	0.0	0.082421	0.0	0.0	0.04121	0.0	0.0	1.3e-05	0.0	1.3e-05	0.082421	0.0	-135805.26935	86	-1	0.929264	3.365177e-01,1.758553e-01,1.906768e-02,1.738228e-01,1.838673e-01,3.973733e-02,1.986113e-02,4.182650e-02,9.444298e-03	0.211722	0.391065	0.132682	-149534.745247	18	2	no_deam	A	2	ngsrelate	0.27367169114896295
childA	childF	92058	0.842007	0.157991	1e-06	0.0	1e-06	0.0	0.0	0.0	1e-06	0.078997	1e-06	1e-06	0.039499	1e-06	1e-06	1e-06	1e-06	1e-06	0.078998	-0.0	-136574.721737	70	-1	0.930659	3.369856e-01,1.747684e-01,2.017549e-02,1.736103e-01,1.789784e-01,4.414962e-02,2.121057e-02,3.999645e-02,1.012511e-02	0.231235	0.377663	0.121706	-150401.084637	15	2	no_deam	A	2	ngsrelate	0.2792483626517202
childB	childD	91903	0.813722	0.186265	1e-05	0.0	0.0	0.0	0.0	0.0	3e-06	0.093146	3e-06	3e-06	0.046575	3e-06	3e-06	1e-05	3e-06	1.3e-05	0.093146	-0.0	-137651.10496	82	-1	0.929092	3.334824e-01,1.781750e-01,2.271690e-02,1.688308e-01,1.826785e-01,4.609896e-02,1.868558e-02,3.741085e-02,1.192095e-02	0.226641	0.387098	0.125489	-150698.048158	14	2	no_deam	A	2	ngsrelate	0.2561582477096271
childA	childE	99395	0.809768	0.190228	3e-06	0.0	0.0	0.0	0.0	0.0	0.0	0.095117	0.0	0.0	0.047559	0.0	0.0	3e-06	0.0	3e-06	0.095118	-0.0	-156409.898864	82	-1	1.0	3.392523e-01,1.736917e-01,1.928308e-02,1.728273e-01,1.828210e-01,4.016680e-02,2.073150e-02,4.096789e-02,1.025835e-02	0.218873	0.39092	0.129576	-173724.795728	6	10	no_deam	A	2	ngsrelate	0.2529261458851839
childA	childF	99395	0.814953	0.185047	0.0	0.0	0.0	0.0	0.0	0.0	0.0	0.092524	0.0	0.0	0.046262	0.0	0.0	0.0	0.0	0.0	0.092524	0.0	-156939.614554	82	-1	1.0	3.386617e-01,1.734958e-01,2.005582e-02,1.719748e-01,1.808716e-01,4.298417e-02,2.092213e-02,4.068249e-02,1.035157e-02	0.226558	0.384739	0.12507	-174365.448117	6	10	no_deam	A	2	ngsrelate	0.2571580476529301
childB	childD	99395	0.780314	0.219658	2.8e-05	0.0	0.0	0.0	0.0	0.0	0.0	0.109857	0.0	0.0	0.054928	0.0	0.0	2.8e-05	0.0	2.8e-05	0.109857	-0.0	-158893.246665	74	-1	1.0	3.356979e-01,1.769841e-01,2.302436e-02,1.681927e-01,1.800650e-01,4.679211e-02,1.822255e-02,3.840721e-02,1.261419e-02	0.229067	0.381799	0.123429	-175378.874515	6	10	no_deam	A	2	ngsrelate	0.22888685439462583
childA	childE	99409	0.809965	0.190026	9e-06	0.0	0.0	0.0	0.0	0.0	0.0	0.095022	0.0	0.0	0.047511	0.0	0.0	9e-06	0.0	9e-06	0.095022	0.0	-157767.317471	62	-1	0.99998	3.378790e-01,1.740783e-01,1.918861e-02,1.732732e-01,1.842042e-01,4.014688e-02,2.042891e-02,4.082671e-02,9.974166e-03	0.215074	0.393647	0.131749	-174927.592268	5	8	deam	A	2	ngsrelate	0.2530890370218882
childA	childF	99408	0.816045	0.183947	8e-06	0.0	0.0	0.0	0.0	0.0	0.0	0.091981	0.0	0.0	0.045991	0.0	0.0	8e-06	0.0	8e-06	0.091981	-0.0	-158257.055603	70	-1	0.99997	3.370646e-01,1.740453e-01,2.004388e-02,1.726540e-01,1.821044e-01,4.286038e-02,2.056312e-02,4.046992e-02,1.019441e-02	0.222988	0.386932	0.127028	-175544.812594	6	8	deam	A	2	ngsrelate	0.2580529279676297
childB	childD	99409	0.779913	0.22006	2.7e-05	0.0	0.0	0.0	0.0	0.0	0.0	0.110057	0.0	0.0	0.055029	0.0	0.0	2.7e-05	0.0	2.7e-05	0.110057	0.0	-160191.703097	66	-1	0.99998	3.343312e-01,1.773041e-01,2.267917e-02,1.685847e-01,1.815337e-01,4.663248e-02,1.817322e-02,3.835767e-02,1.240374e-02	0.22504	0.384824	0.125738	-176574.954519	6	8	deam	A	2	ngsrelate	0.2285590309584521
childA	childE	99392	0.813862	0.186133	5e-06	0.0	0.0	0.0	0.0	0.0	0.0	0.093072	0.0	0.0	0.046536	0.0	0.0	5e-06	0.0	5e-06	0.093072	-0.0	-161429.368247	86	-1	0.999879	3.340898e-01,1.746543e-01,1.894228e-02,1.739415e-01,1.874006e-01,4.034915e-02,2.012672e-02,4.061242e-02,9.883229e-03	0.208478	0.399893	0.135838	-178361.281954	9	4	deam	A	2	ngsrelate	0.2562692911489787
childA	childF	99387	0.818491	0.181508	0.0	0.0	0.0	0.0	0.0	0.0	0.0	0.090755	0.0	0.0	0.045377	0.0	0.0	1e-06	0.0	1e-06	0.090755	0.0	-161924.310143	98	-1	0.999829	3.331472e-01,1.749354e-01,1.958362e-02,1.732640e-01,1.855046e-01,4.294088e-02,2.039039e-02,4.004073e-02,1.019319e-02	0.215488	0.393723	0.131585	-178967.667751	9	4	deam	A	2	ngsrelate	0.2600472208048633
childB	childD	99400	0.781757	0.218236	7e-06	0.0	0.0	0.0	0.0	0.0	0.0	0.109125	0.0	0.0	0.054563	0.0	0.0	7e-06	0.0	7e-06	0.109125	-0.0	-163880.281019	70	-1	0.99996	3.306566e-01,1.781736e-01,2.235177e-02,1.692090e-01,1.849912e-01,4.630108e-02,1.788893e-02,3.817066e-02,1.225710e-02	0.217528	0.391852	0.130338	-179957.85866	9	4	deam	A	2	ngsrelate	0.23005648494373437
childA	childE	89683	0.852544	0.14742	3.3e-05	0.0	0.0	0.0	0.0	3e-06	0.0	0.073743	3e-06	3e-06	0.036871	0.0	0.0	3.6e-05	0.0	3.6e-05	0.073746	-0.0	-139332.445507	102	-1	0.905505	3.314713e-01,1.771051e-01,1.884729e-02,1.760367e-01,1.881642e-01,3.881365e-02,1.971217e-02,4.047184e-02,9.377684e-03	0.204925	0.399511	0.137304	-152277.430004	18	1	deam	A	2	ngsrelate	0.2878656685707183
childA	childF	89650	0.846171	0.153745	8.2e-05	1e-06	1e-06	0.0	0.0	0.0	0.0	0.076955	1e-06	2e-06	0.038478	0.0	1e-06	8.2e-05	0.0	8.2e-05	0.076956	-0.0	-139452.986462	114	-1	0.905172	3.321847e-01,1.752463e-01,2.012204e-02,1.723044e-01,1.882617e-01,4.218671e-02,2.000161e-02,3.994751e-02,9.745016e-03	0.213127	0.40072	0.133978	-152544.540136	19	1	deam	A	2	ngsrelate	0.2826817368172199
childB	childD	89653	0.815334	0.184609	5.7e-05	0.0	0.0	0.0	0.0	0.0	0.0	0.092362	0.0	0.0	0.046181	0.0	0.0	5.7e-05	0.0	5.7e-05	0.092362	-0.0	-141197.64579	62	-1	0.905202	3.277090e-01,1.813398e-01,2.139960e-02,1.704598e-01,1.858628e-01,4.544273e-02,1.736883e-02,3.861553e-02,1.180196e-02	0.208586	0.391598	0.134136	-153500.907558	18	1	deam	A	2	ngsrelate	0.25749240615728197
childA	childE	99407	0.809358	0.190637	3e-06	0.0	0.0	0.0	0.0	2e-06	0.0	0.095322	2e-06	2e-06	0.047661	0.0	0.0	4e-06	0.0	5e-06	0.095324	0.0	-156473.144294	78	-1	0.99999	3.392773e-01,1.737617e-01,1.920387e-02,1.730750e-01,1.828939e-01,4.003307e-02,2.073328e-02,4.092195e-02,1.009988e-02	0.218362	0.391026	0.129816	-173723.021411	5	20	deam	A	2	ngsrelate	0.25259179053827807
childA	childF	99408	0.814737	0.185226	3.6e-05	0.0	0.0	0.0	0.0	0.0	0.0	0.092649	0.0	0.0	0.046325	0.0	0.0	3.6e-05	0.0	3.7e-05	0.09265	0.0	-157004.851019	70	-1	1.0	3.384222e-01,1.737663e-01,2.004857e-02,1.721790e-01,1.809925e-01,4.283678e-02,2.085316e-02,4.046971e-02,1.043175e-02	0.225986	0.384965	0.12536	-174424.705993	5	20	deam	A	2	ngsrelate	0.25699679086258387
childB	childD	99408	0.779874	0.220124	2e-06	0.0	0.0	0.0	0.0	0.0	0.0	0.110064	0.0	0.0	0.055032	0.0	0.0	2e-06	0.0	2e-06	0.110064	-0.0	-158949.559099	66	-1	1.0	3.357130e-01,1.770400e-01,2.292562e-02,1.681686e-01,1.802694e-01,4.676904e-02,1.827812e-02,3.834247e-02,1.249386e-02	0.228568	0.382312	0.123741	-175410.040219	5	20	deam	A	2	ngsrelate	0.22851698059152337
childA	childE	98559	0.83189	0.168083	2.7e-05	0.0	0.0	0.0	0.0	0.0	0.0	0.084069	0.0	0.0	0.042034	0.0	0.0	2.7e-05	0.0	2.7e-05	0.084069	-0.0	-162709.455407	102	-1	0.992788	3.314753e-01,1.755013e-01,1.924665e-02,1.745390e-01,1.890105e-01,3.979784e-02,2.032144e-02,4.046014e-02,9.647872e-03	0.209343	0.402264	0.135929	-178601.846448	10	2	deam	A	2	ngsrelate	0.2709980736204595
childA	childF	98568	0.82893	0.171066	2e-06	0.0	1e-06	0.0	0.0	2e-06	0.0	0.085535	2e-06	3e-06	0.042768	0.0	0.0	3e-06	0.0	3e-06	0.085537	-0.0	-162901.813749	94	-1	0.992878	3.313494e-01,1.753478e-01,1.959170e-02,1.729488e-01,1.868991e-01,4.344418e-02,2.065758e-02,3.978699e-02,9.974502e-03	0.215353	0.39616	0.132121	-178839.783966	11	2	deam	A	2	ngsrelate	0.26857185336516554
childB	childD	98526	0.797318	0.202597	8.3e-05	0.0	1e-06	0.0	0.0	1e-06	0.0	0.101382	2e-06	3e-06	0.050691	0.0	1e-06	8.4e-05	0.0	8.4e-05	0.101384	-0.0	-164787.036702	94	-1	0.992455	3.284360e-01,1.784923e-01,2.256953e-02,1.705565e-01,1.861727e-01,4.576946e-02,1.777186e-02,3.803404e-02,1.219762e-02	0.216688	0.393439	0.131011	-179903.331663	11	2	deam	A	2	ngsrelate	0.24279383876175
childA	childE	99411	0.809423	0.190568	3e-06	0.0	1e-06	3e-06	2e-06	1e-06	0.0	0.095289	5e-06	2e-06	0.047645	1e-06	0.0	3e-06	0.0	3e-06	0.095292	1e-06	-157124.269455	78	-1	0.99999	3.386200e-01,1.738904e-01,1.929682e-02,1.729407e-01,1.835804e-01,4.031035e-02,2.051793e-02,4.078925e-02,1.005413e-02	0.216879	0.392479	0.130741	-174355.737571	5	10	deam	A	2	ngsrelate	0.2526464958276683
childA	childF	99411	0.815649	0.184351	0.0	0.0	0.0	0.0	0.0	0.0	0.0	0.092176	0.0	0.0	0.046088	0.0	0.0	0.0	0.0	0.0	0.092176	-0.0	-157650.245361	66	-1	0.99999	3.376136e-01,1.742291e-01,1.995298e-02,1.723684e-01,1.817822e-01,4.269532e-02,2.076421e-02,4.029485e-02,1.029925e-02	0.223989	0.38652	0.126518	-174972.793609	5	10	deam	A	2	ngsrelate	0.2577263292732558
childB	childD	99409	0.779568	0.220425	0.0	4e-06	0.0	0.0	0.0	3e-06	0.0	0.110213	3e-06	7e-06	0.055107	0.0	0.0	3e-06	0.0	4e-06	0.110218	-2e-06	-159585.79286	74	-1	0.99997	3.349803e-01,1.772250e-01,2.279389e-02,1.684573e-01,1.809110e-01,4.670222e-02,1.818707e-02,3.827780e-02,1.246545e-02	0.226526	0.383576	0.124859	-176003.280702	5	10	deam	A	2	ngsrelate	0.228269173892724
