a	b	nSites	J9	J8	J7	J6	J5	J4	J3	J2	J1	rab	Fa	Fb	theta	inbred_relatedness_1_2	inbred_relatedness_2_1	fraternity	identity	zygosity	2of3_IDB	FDiff	loglh	nIter	bestoptimll	coverage	2dsfs	R0	R1	KING	2dsfs_loglike	2dsfsf_niter	cov	deamination	kinship	degree	program	RMSE
childA	childE	99381	0.530852	0.46906	8.8e-05	0.0	0.0	0.0	0.0	0.0	0.0	0.234618	0.0	0.0	0.117309	0.0	0.0	8.8e-05	0.0	8.8e-05	0.234618	0.0	-170374.556873	90	-1	1.0	3.394355e-01,1.738761e-01,1.925774e-02,1.729346e-01,1.825176e-01,4.043765e-02,2.070172e-02,4.081115e-02,1.002783e-02	0.218935	0.389979	0.129365	-173591.461548	6	8	no_deam	A	2	ngsrelateWithRealFreq	0.025226555108985194
childA	childF	99380	0.547082	0.452889	2.6e-05	2e-06	0.0	1e-06	0.0	0.0	0.0	0.22647	1e-06	3e-06	0.113235	0.0	0.0	2.6e-05	0.0	2.6e-05	0.226472	-0.0	-170470.695598	58	-1	0.99999	3.384530e-01,1.737781e-01,2.035205e-02,1.722603e-01,1.808350e-01,4.277854e-02,2.089473e-02,4.038820e-02,1.025998e-02	0.228091	0.384386	0.124345	-174274.161279	6	8	no_deam	A	2	ngsrelateWithRealFreq	0.0384541359760776
childB	childD	99379	0.543532	0.456394	5.4e-05	7e-06	2e-06	1e-06	5e-06	3e-06	3e-06	0.228259	1.1e-05	1.5e-05	0.114132	6e-06	4e-06	5.6e-05	3e-06	6e-05	0.228267	-3e-06	-171042.955519	70	-1	0.99998	3.356021e-01,1.771217e-01,2.294880e-02,1.682419e-01,1.799555e-01,4.694026e-02,1.829706e-02,3.831606e-02,1.257663e-02	0.2292	0.38137	0.123289	-175324.959541	7	8	no_deam	A	2	ngsrelateWithRealFreq	0.035573966023858886
childA	childE	98877	0.532553	0.467367	7.4e-05	0.0	0.0	0.0	0.0	0.0	5e-06	0.233763	5e-06	5e-06	0.116884	5e-06	5e-06	7.4e-05	5e-06	7.9e-05	0.233763	-0.0	-167646.464389	158	-1	0.996302	3.394243e-01,1.727745e-01,1.956973e-02,1.733522e-01,1.829716e-01,3.974248e-02,2.075174e-02,4.131026e-02,1.010318e-02	0.22037	0.391382	0.12902	-170674.626333	10	4	no_deam	A	2	ngsrelateWithRealFreq	0.026612127398362353
childA	childF	98894	0.542528	0.457429	3.8e-05	1e-06	0.0	0.0	0.0	0.0	3e-06	0.228756	4e-06	4e-06	0.11438	4e-06	4e-06	3.8e-05	3e-06	4.2e-05	0.228757	-0.0	-167689.285661	50	-1	0.996473	3.380999e-01,1.740756e-01,1.966234e-02,1.725992e-01,1.805001e-01,4.292842e-02,2.095933e-02,4.101599e-02,1.015929e-02	0.225051	0.383031	0.125384	-171215.115632	10	4	no_deam	A	2	ngsrelateWithRealFreq	0.03474153263266702
childB	childD	98872	0.543153	0.456747	9e-05	0.0	1e-06	0.0	3e-06	3e-06	2e-06	0.228469	9e-06	7e-06	0.114236	4e-06	3e-06	9.3e-05	2e-06	9.6e-05	0.228473	-0.0	-168104.390076	74	-1	0.996252	3.350971e-01,1.766315e-01,2.282153e-02,1.686067e-01,1.810371e-01,4.677170e-02,1.808892e-02,3.879835e-02,1.214717e-02	0.225978	0.383782	0.125134	-172116.749764	10	4	no_deam	A	2	ngsrelateWithRealFreq	0.03527516368022502
childA	childE	68495	0.562559	0.436893	0.000547	0.0	0.0	0.0	0.0	0.0	0.0	0.218994	0.0	0.0	0.109497	0.0	0.0	0.000547	0.0	0.000547	0.218994	-0.0	-100273.267307	111	-1	0.697122	3.330511e-01,1.793429e-01,1.827978e-02,1.768748e-01,1.831851e-01,4.001968e-02,2.118305e-02,3.924016e-02,8.823364e-03	0.215426	0.385701	0.130024	-101423.274668	30	1	no_deam	A	2	ngsrelateWithRealFreq	0.05130438947757462
childA	childF	66434	0.556852	0.443081	6.3e-05	0.0	0.0	0.0	0.0	0.0	3e-06	0.221607	3e-06	3e-06	0.110805	3e-06	3e-06	6.3e-05	3e-06	6.6e-05	0.221607	-0.0	-97100.676518	142	-1	0.676146	3.277078e-01,1.882179e-01,1.605081e-02,1.677193e-01,1.951503e-01,3.738309e-02,1.881655e-02,4.171286e-02,7.241449e-03	0.178669	0.415301	0.151957	-98474.50286	30	1	no_deam	A	2	ngsrelateWithRealFreq	0.04644683855046901
childB	childD	66644	0.562344	0.42995	0.007702	0.0	0.0	0.0	0.0	0.0	3e-06	0.222681	4e-06	4e-06	0.111342	4e-06	3e-06	0.007702	3e-06	0.007706	0.222681	0.0	-97456.058553	182	-1	0.678283	3.260126e-01,1.725605e-01,2.241138e-02,1.809904e-01,1.965135e-01,4.685223e-02,1.427319e-02,3.059004e-02,9.796118e-03	0.186677	0.42019	0.149443	-99006.356263	35	1	no_deam	A	2	ngsrelateWithRealFreq	0.05432340698692107
childA	childE	99408	0.530504	0.469416	8e-05	0.0	0.0	0.0	0.0	0.0	0.0	0.234788	0.0	0.0	0.117394	0.0	0.0	8e-05	0.0	8e-05	0.234788	-0.0	-170465.183368	86	-1	1.0	3.393584e-01,1.737388e-01,1.929391e-02,1.729144e-01,1.828729e-01,4.015774e-02,2.067212e-02,4.093224e-02,1.005952e-02	0.218545	0.390997	0.129732	-173717.021727	5	20	no_deam	A	2	ngsrelateWithRealFreq	0.024939135724131783
childA	childF	99408	0.544004	0.455946	4.9e-05	0.0	0.0	0.0	0.0	0.0	0.0	0.228022	0.0	0.0	0.114011	0.0	0.0	4.9e-05	0.0	4.9e-05	0.228022	-0.0	-170530.446081	74	-1	1.0	3.385535e-01,1.737486e-01,2.008900e-02,1.722702e-01,1.809306e-01,4.274415e-02,2.081306e-02,4.048958e-02,1.036130e-02	0.226065	0.384832	0.1253	-174370.963714	5	20	no_deam	A	2	ngsrelateWithRealFreq	0.03594954488817163
childB	childD	99408	0.542851	0.457058	9.2e-05	0.0	0.0	0.0	0.0	0.0	0.0	0.22862	0.0	0.0	0.11431	0.0	0.0	9.2e-05	0.0	9.2e-05	0.22862	-0.0	-171122.012893	94	-1	1.0	3.357776e-01,1.769575e-01,2.288675e-02,1.683173e-01,1.801863e-01,4.665483e-02,1.830833e-02,3.844762e-02,1.246371e-02	0.228625	0.382097	0.123675	-175379.008126	5	20	no_deam	A	2	ngsrelateWithRealFreq	0.03502490556256598
childA	childE	91851	0.535963	0.463904	0.000126	0.0	0.0	0.0	0.0	0.0	6e-06	0.232085	6e-06	6e-06	0.116045	6e-06	6e-06	0.000127	6e-06	0.000133	0.232085	0.0	-146995.352322	190	-1	0.928717	3.376821e-01,1.761156e-01,1.937978e-02,1.733820e-01,1.840298e-01,4.002617e-02,1.991695e-02,3.946924e-02,9.998424e-03	0.213535	0.392983	0.132283	-149247.330084	15	2	no_deam	A	2	ngsrelateWithRealFreq	0.029418103615517655
childA	childF	91877	0.551283	0.448706	5e-06	2e-06	1e-06	2e-06	0.0	0.0	0.0	0.224359	3e-06	3e-06	0.11218	0.0	1e-06	5e-06	0.0	5e-06	0.224361	0.0	-146904.116275	62	-1	0.928979	3.369379e-01,1.759000e-01,2.020616e-02,1.727454e-01,1.814400e-01,4.321414e-02,2.048414e-02,3.942009e-02,9.652210e-03	0.224263	0.384431	0.125994	-149638.488835	18	2	no_deam	A	2	ngsrelateWithRealFreq	0.04187688523119486
childB	childD	91923	0.548975	0.450944	6.6e-05	1.4e-05	1e-06	1e-06	0.0	0.0	0.0	0.225539	1e-06	1.5e-05	0.11277	0.0	1e-06	6.6e-05	0.0	6.6e-05	0.225546	-6e-06	-147731.926127	58	-1	0.929445	3.336533e-01,1.781033e-01,2.282326e-02,1.701037e-01,1.807262e-01,4.726083e-02,1.789760e-02,3.749744e-02,1.193427e-02	0.225318	0.381532	0.124978	-150772.070995	15	2	no_deam	A	2	ngsrelateWithRealFreq	0.04002101996451364
childA	childE	99398	0.530677	0.469247	7.6e-05	0.0	0.0	0.0	0.0	0.0	0.0	0.2347	0.0	0.0	0.11735	0.0	0.0	7.6e-05	0.0	7.6e-05	0.2347	-0.0	-170421.973344	106	-1	1.0	3.392404e-01,1.737917e-01,1.935045e-02,1.728623e-01,1.828058e-01,4.024451e-02,2.063938e-02,4.087392e-02,1.019148e-02	0.218756	0.390809	0.129605	-173714.484114	5	10	no_deam	A	2	ngsrelateWithRealFreq	0.025078750061888356
childA	childF	99398	0.543882	0.456066	5.2e-05	0.0	0.0	0.0	0.0	0.0	0.0	0.228085	0.0	0.0	0.114043	0.0	0.0	5.2e-05	0.0	5.2e-05	0.228085	-0.0	-170472.58394	74	-1	1.0	3.386836e-01,1.736199e-01,2.006442e-02,1.722342e-01,1.808919e-01,4.280055e-02,2.083574e-02,4.062171e-02,1.024789e-02	0.226103	0.384732	0.125264	-174298.680285	6	10	no_deam	A	2	ngsrelateWithRealFreq	0.03585075073133056
childB	childD	99398	0.542769	0.457131	0.0001	0.0	0.0	0.0	0.0	0.0	0.0	0.228665	0.0	0.0	0.114333	0.0	0.0	0.0001	0.0	0.0001	0.228665	-0.0	-171103.065834	110	-1	1.0	3.357701e-01,1.772228e-01,2.299856e-02,1.682643e-01,1.799346e-01,4.678274e-02,1.823227e-02,3.824852e-02,1.254604e-02	0.229143	0.38142	0.123323	-175343.632075	6	10	no_deam	A	2	ngsrelateWithRealFreq	0.03496163860576329
childA	childE	99418	0.531288	0.468649	6.3e-05	0.0	0.0	0.0	0.0	0.0	0.0	0.234388	0.0	0.0	0.117194	0.0	0.0	6.3e-05	0.0	6.3e-05	0.234388	0.0	-171779.36183	90	-1	0.99999	3.377257e-01,1.743392e-01,1.914740e-02,1.730040e-01,1.841691e-01,4.029958e-02,2.052499e-02,4.070642e-02,1.008362e-02	0.215413	0.393506	0.131575	-175078.5296	6	8	deam	A	2	ngsrelateWithRealFreq	0.025572303468140423
childA	childF	99416	0.544532	0.455451	1.8e-05	0.0	0.0	0.0	0.0	0.0	0.0	0.227743	0.0	0.0	0.113871	0.0	0.0	1.8e-05	0.0	1.8e-05	0.227743	0.0	-171804.494618	78	-1	0.99997	3.370533e-01,1.741801e-01,1.997465e-02,1.726129e-01,1.820685e-01,4.279771e-02,2.059509e-02,4.047250e-02,1.024538e-02	0.222827	0.386859	0.127083	-175642.188608	6	8	deam	A	2	ngsrelateWithRealFreq	0.03636716810989459
childB	childD	99413	0.54237	0.457578	4.7e-05	0.0	0.0	0.0	0.0	1e-06	4e-06	0.22884	5e-06	5e-06	0.114422	4e-06	4e-06	4.8e-05	4e-06	5.2e-05	0.228841	0.0	-172248.481058	98	-1	0.99994	3.343593e-01,1.773778e-01,2.275808e-02,1.686028e-01,1.814203e-01,4.658522e-02,1.808011e-02,3.834651e-02,1.246983e-02	0.225103	0.384568	0.125661	-176503.835002	6	8	deam	A	2	ngsrelateWithRealFreq	0.03461620619016476
childA	childE	99402	0.532351	0.467613	3.4e-05	0.0	0.0	0.0	0.0	0.0	2e-06	0.233843	2e-06	2e-06	0.116923	2e-06	2e-06	3.4e-05	2e-06	3.7e-05	0.233843	0.0	-174984.83027	114	-1	0.999889	3.341348e-01,1.751957e-01,1.892560e-02,1.741562e-01,1.871383e-01,4.030262e-02,1.994187e-02,4.041290e-02,9.792000e-03	0.207694	0.399071	0.136016	-178165.288184	7	4	deam	A	2	ngsrelateWithRealFreq	0.02642918920436267
childA	childF	99403	0.545389	0.454558	5.2e-05	0.0	0.0	0.0	0.0	0.0	0.0	0.227331	0.0	0.0	0.113666	0.0	0.0	5.2e-05	0.0	5.2e-05	0.227331	-0.0	-175129.227214	98	-1	0.999899	3.333204e-01,1.752822e-01,1.968452e-02,1.733060e-01,1.854320e-01,4.283082e-02,2.018747e-02,3.988727e-02,1.006938e-02	0.215022	0.393549	0.131753	-178838.23069	9	4	deam	A	2	ngsrelateWithRealFreq	0.03708161893714997
childB	childD	99406	0.545285	0.454662	5.2e-05	0.0	0.0	1e-06	0.0	1e-06	0.0	0.227383	1e-06	1e-06	0.113691	0.0	0.0	5.2e-05	0.0	5.2e-05	0.227384	0.0	-175795.189664	134	-1	0.99993	3.305282e-01,1.783816e-01,2.234115e-02,1.693018e-01,1.845577e-01,4.643254e-02,1.806028e-02,3.813677e-02,1.226002e-02	0.218909	0.390471	0.129472	-179921.332655	7	4	deam	A	2	ngsrelateWithRealFreq	0.03699670333511713
childA	childE	89607	0.541014	0.458939	4.4e-05	0.0	0.0	0.0	0.0	0.0	3e-06	0.229516	3e-06	3e-06	0.11476	3e-06	3e-06	4.4e-05	3e-06	4.7e-05	0.229516	-0.0	-149697.853958	118	-1	0.904482	3.313502e-01,1.787621e-01,1.791335e-02,1.745072e-01,1.890528e-01,3.994758e-02,1.966108e-02,3.982831e-02,8.977384e-03	0.198751	0.40171	0.140423	-151831.729577	19	1	deam	A	2	ngsrelateWithRealFreq	0.03350699356353337
childA	childF	89494	0.559454	0.440505	3e-05	0.0	0.0	0.0	1.1e-05	0.0	0.0	0.220291	1.1e-05	0.0	0.110147	5e-06	0.0	3e-05	0.0	3e-05	0.220293	0.0	-149693.375762	366	-1	0.903341	3.320212e-01,1.750488e-01,1.992281e-02,1.739356e-01,1.864368e-01,4.370491e-02,2.064561e-02,3.958809e-02,8.696174e-03	0.217599	0.394287	0.130783	-152223.591738	19	1	deam	A	2	ngsrelateWithRealFreq	0.04856073187600589
childB	childD	89664	0.571473	0.424516	0.00401	0.0	0.0	0.0	0.0	1e-06	0.0	0.216268	1e-06	1e-06	0.108134	0.0	0.0	0.004011	0.0	0.004011	0.216269	0.0	-150485.243769	94	-1	0.905057	3.295849e-01,1.800891e-01,2.302416e-02,1.717710e-01,1.852287e-01,4.418237e-02,1.824984e-02,3.607181e-02,1.179814e-02	0.222827	0.391283	0.12794	-153247.285123	18	1	deam	A	2	ngsrelateWithRealFreq	0.060061923836986775
childA	childE	99410	0.530364	0.469607	2.4e-05	2e-06	0.0	0.0	0.0	1e-06	0.0	0.234828	2e-06	3e-06	0.117414	0.0	0.0	2.6e-05	0.0	2.6e-05	0.234831	-1e-06	-170484.159352	106	-1	1.0	3.393080e-01,1.737322e-01,1.922382e-02,1.729691e-01,1.829343e-01,4.010876e-02,2.073213e-02,4.089853e-02,1.009320e-02	0.218417	0.391166	0.12982	-173735.558836	5	20	deam	A	2	ngsrelateWithRealFreq	0.024803948079556454
childA	childF	99410	0.543772	0.456188	4e-05	0.0	0.0	0.0	0.0	0.0	0.0	0.228134	0.0	0.0	0.114067	0.0	0.0	4e-05	0.0	4e-05	0.228134	-0.0	-170553.753544	74	-1	1.0	3.384358e-01,1.737934e-01,2.003503e-02,1.721314e-01,1.809946e-01,4.288755e-02,2.084843e-02,4.045878e-02,1.041503e-02	0.225882	0.384968	0.125405	-174420.962972	5	20	deam	A	2	ngsrelateWithRealFreq	0.035756029458913194
childB	childD	99410	0.542748	0.457212	2.2e-05	0.0	2e-06	0.0	2e-06	6e-06	7e-06	0.228639	1.5e-05	1.5e-05	0.114323	8e-06	8e-06	2.8e-05	7e-06	3.5e-05	0.228645	-0.0	-171137.408081	78	-1	1.0	3.356935e-01,1.770459e-01,2.289744e-02,1.681933e-01,1.802103e-01,4.678264e-02,1.828708e-02,3.838598e-02,1.250376e-02	0.228536	0.382131	0.12372	-175414.35127	5	20	deam	A	2	ngsrelateWithRealFreq	0.034919931901422716
childA	childE	98597	0.544815	0.454967	0.000213	4e-06	0.0	1e-06	0.0	0.0	0.0	0.227697	1e-06	4e-06	0.113848	0.0	0.0	0.000213	0.0	0.000213	0.227699	-2e-06	-175617.135474	70	-1	0.993211	3.318900e-01,1.760896e-01,1.912802e-02,1.755207e-01,1.875935e-01,3.969855e-02,2.020962e-02,3.994715e-02,9.922814e-03	0.209696	0.398632	0.13506	-178502.671669	10	2	deam	A	2	ngsrelateWithRealFreq	0.03668060651534179
childA	childF	98587	0.550966	0.448978	5.3e-05	0.0	0.0	0.0	0.0	0.0	3e-06	0.224545	3e-06	3e-06	0.112274	3e-06	3e-06	5.3e-05	3e-06	5.6e-05	0.224545	0.0	-175964.745576	122	-1	0.99311	3.316915e-01,1.755666e-01,1.966928e-02,1.735050e-01,1.869149e-01,4.262064e-02,2.030764e-02,3.972885e-02,9.995677e-03	0.213878	0.396512	0.132829	-179334.038209	11	2	deam	A	2	ngsrelateWithRealFreq	0.0416364441685406
childB	childD	98581	0.549005	0.450683	0.00031	1e-06	0.0	0.0	0.0	0.0	0.0	0.225652	1e-06	1e-06	0.112826	0.0	0.0	0.00031	0.0	0.00031	0.225652	-0.0	-175702.652027	94	-1	0.993049	3.282187e-01,1.791130e-01,2.238518e-02,1.700357e-01,1.869582e-01,4.630163e-02,1.731981e-02,3.753690e-02,1.213093e-02	0.212374	0.395518	0.133285	-179512.677951	11	2	deam	A	2	ngsrelateWithRealFreq	0.040140389526427525
childA	childE	99410	0.530387	0.469487	0.000126	0.0	0.0	0.0	0.0	0.0	0.0	0.23487	0.0	0.0	0.117435	0.0	0.0	0.000126	0.0	0.000126	0.23487	0.0	-171058.103428	126	-1	1.0	3.384839e-01,1.740171e-01,1.930312e-02,1.728259e-01,1.835380e-01,4.040270e-02,2.051040e-02,4.081593e-02,1.010300e-02	0.216923	0.39228	0.130683	-174339.119971	5	10	deam	A	2	ngsrelateWithRealFreq	0.02486248052789587
childA	childF	99410	0.544178	0.455791	2.1e-05	5e-06	1e-06	4e-06	0.0	0.0	1e-06	0.227918	5e-06	6e-06	0.11396	1e-06	1e-06	2.1e-05	1e-06	2.2e-05	0.227923	-1e-06	-171167.581163	58	-1	1.0	3.378115e-01,1.739356e-01,2.005249e-02,1.723728e-01,1.816000e-01,4.279913e-02,2.069100e-02,4.048081e-02,1.025674e-02	0.224358	0.38611	0.12628	-174997.058002	6	10	deam	A	2	ngsrelateWithRealFreq	0.03608384590552031
childB	childD	99408	0.542328	0.457614	5.8e-05	0.0	0.0	0.0	0.0	0.0	0.0	0.228865	0.0	0.0	0.114432	0.0	0.0	5.8e-05	0.0	5.8e-05	0.228865	-0.0	-171758.621379	74	-1	0.99998	3.349249e-01,1.772274e-01,2.278271e-02,1.684464e-01,1.809468e-01,4.663744e-02,1.818483e-02,3.839175e-02,1.245781e-02	0.226407	0.38363	0.124921	-176008.750534	5	10	deam	A	2	ngsrelateWithRealFreq	0.0345843699957076
childA	childE	99378	0.52997	0.469961	6.6e-05	0.0	0.0	0.0	0.0	0.0	2e-06	0.235048	2e-06	2e-06	0.117525	2e-06	2e-06	6.6e-05	2e-06	6.8e-05	0.235049	0.0	-170366.986549	66	-1	0.99997	3.394913e-01,1.737756e-01,1.951277e-02,1.725943e-01,1.827568e-01,4.045419e-02,2.046013e-02,4.085294e-02,1.010187e-02	0.218722	0.390798	0.129617	-173618.492678	6	8	no_deam	A	2	ngsrelateWithRealFreq	0.024498617491605534
childA	childF	99379	0.545301	0.454662	3.6e-05	0.0	0.0	0.0	0.0	0.0	0.0	0.227367	0.0	0.0	0.113684	0.0	0.0	3.6e-05	0.0	3.6e-05	0.227367	0.0	-170436.488334	86	-1	0.99998	3.386360e-01,1.739161e-01,2.024422e-02,1.722153e-01,1.808490e-01,4.274431e-02,2.079145e-02,4.029126e-02,1.031245e-02	0.226906	0.384619	0.124898	-174221.269846	6	8	no_deam	A	2	ngsrelateWithRealFreq	0.03700322571974864
childB	childD	99379	0.544389	0.45542	0.000189	0.0	0.0	0.0	0.0	2e-06	0.0	0.2279	2e-06	2e-06	0.11395	0.0	0.0	0.000191	0.0	0.000191	0.227901	0.0	-171066.2357	70	-1	0.99998	3.357069e-01,1.770202e-01,2.299037e-02,1.683455e-01,1.800753e-01,4.646277e-02,1.839549e-02,3.842542e-02,1.257810e-02	0.229825	0.381807	0.123106	-175311.605712	6	8	no_deam	A	2	ngsrelateWithRealFreq	0.036321689764290066
childA	childE	98883	0.532726	0.46716	0.000109	0.0	0.0	0.0	0.0	0.0	5e-06	0.233694	5e-06	5e-06	0.116849	5e-06	5e-06	0.000109	5e-06	0.000114	0.233694	-0.0	-167604.348317	186	-1	0.996342	3.393225e-01,1.738763e-01,1.954309e-02,1.724580e-01,1.832226e-01,3.992112e-02,2.087161e-02,4.055257e-02,1.023223e-02	0.220577	0.392153	0.12908	-170610.720378	11	4	no_deam	A	2	ngsrelateWithRealFreq	0.02676732184959863
childA	childF	98887	0.543947	0.456	5.2e-05	0.0	0.0	0.0	0.0	0.0	0.0	0.228052	0.0	0.0	0.114026	0.0	0.0	5.2e-05	0.0	5.2e-05	0.228052	0.0	-167722.270354	86	-1	0.996383	3.384948e-01,1.740822e-01,2.017937e-02,1.716716e-01,1.809095e-01,4.307886e-02,2.091641e-02,4.048120e-02,1.018600e-02	0.227162	0.384579	0.12478	-171216.1593	10	4	no_deam	A	2	ngsrelateWithRealFreq	0.03590423147299863
childB	childD	98865	0.546901	0.452959	0.00014	0.0	0.0	0.0	0.0	0.0	0.0	0.22662	0.0	0.0	0.11331	0.0	0.0	0.00014	0.0	0.00014	0.22662	-0.0	-168198.065938	122	-1	0.996161	3.349353e-01,1.769038e-01,2.281540e-02,1.695013e-01,1.804044e-01,4.639849e-02,1.842691e-02,3.810243e-02,1.251206e-02	0.22861	0.382093	0.123681	-172155.856032	10	4	no_deam	A	2	ngsrelateWithRealFreq	0.03835178866754455
childA	childE	68575	0.555989	0.443999	1e-06	0.0	0.0	0.0	0.0	1e-06	1e-05	0.222011	1.1e-05	1.1e-05	0.11101	1e-05	1e-05	2e-06	1e-05	1.2e-05	0.222011	-0.0	-100497.703114	82	-1	0.697007	3.338078e-01,1.809720e-01,1.852118e-02,1.778356e-01,1.783560e-01,4.144554e-02,2.022978e-02,3.965062e-02,9.181449e-03	0.217267	0.372619	0.126603	-101630.095422	34	1	no_deam	A	2	ngsrelateWithRealFreq	0.045719726315162176
childA	childF	68770	0.576225	0.42377	2e-06	0.0	0.0	0.0	0.0	0.0	3e-06	0.21189	3e-06	3e-06	0.105946	3e-06	3e-06	2e-06	3e-06	5e-06	0.21189	0.0	-100375.334586	118	-1	0.698989	3.319145e-01,1.821912e-01,1.905265e-02,1.774262e-01,1.794572e-01,4.118997e-02,2.065308e-02,3.937747e-02,8.737680e-03	0.221255	0.373954	0.125198	-101846.787837	29	1	no_deam	A	2	ngsrelateWithRealFreq	0.06223949316685241
childB	childD	68549	0.572699	0.422159	0.005132	0.0	0.0	0.0	0.0	0.0	1.1e-05	0.216222	1.1e-05	1.1e-05	0.108116	1.1e-05	1.1e-05	0.005132	1.1e-05	0.005143	0.216222	-0.0	-100799.508487	182	-1	0.696742	3.332561e-01,1.765339e-01,2.452110e-02,1.684840e-01,1.838710e-01,4.430191e-02,2.005514e-02,3.837707e-02,1.059975e-02	0.242432	0.389332	0.119077	-102420.733587	30	1	no_deam	A	2	ngsrelateWithRealFreq	0.061564879885640404
childA	childE	99408	0.530394	0.469536	7e-05	0.0	0.0	0.0	0.0	0.0	0.0	0.234838	0.0	0.0	0.117419	0.0	0.0	7e-05	0.0	7e-05	0.234838	-0.0	-170474.790906	98	-1	1.0	3.392884e-01,1.737318e-01,1.925072e-02,1.729716e-01,1.828657e-01,4.010705e-02,2.071258e-02,4.094226e-02,1.012993e-02	0.218539	0.390976	0.12973	-173734.915783	5	20	no_deam	A	2	ngsrelateWithRealFreq	0.02484522376634995
childA	childF	99408	0.543666	0.45632	1.2e-05	0.0	0.0	0.0	0.0	0.0	2e-06	0.228173	2e-06	2e-06	0.114088	2e-06	2e-06	1.2e-05	2e-06	1.3e-05	0.228173	-0.0	-170539.641405	82	-1	1.0	3.385501e-01,1.736420e-01,2.007884e-02,1.721192e-01,1.809514e-01,4.287383e-02,2.082311e-02,4.059027e-02,1.037133e-02	0.226038	0.384899	0.125324	-174405.324349	5	20	no_deam	A	2	ngsrelateWithRealFreq	0.0356588563099454
childB	childD	99408	0.542834	0.457081	8.5e-05	0.0	0.0	0.0	0.0	0.0	0.0	0.228625	0.0	0.0	0.114313	0.0	0.0	8.5e-05	0.0	8.5e-05	0.228625	-0.0	-171127.393959	90	-1	1.0	3.357071e-01,1.769948e-01,2.291865e-02,1.682865e-01,1.801870e-01,4.667632e-02,1.828821e-02,3.840735e-02,1.253417e-02	0.22869	0.382099	0.123648	-175400.89504	5	20	no_deam	A	2	ngsrelateWithRealFreq	0.035008567246699304
childA	childE	91920	0.533436	0.466494	6.3e-05	0.0	0.0	0.0	0.0	3e-06	4e-06	0.233314	7e-06	7e-06	0.116659	4e-06	4e-06	6.6e-05	4e-06	7e-05	0.233317	0.0	-147180.282512	66	-1	0.929264	3.365176e-01,1.758556e-01,1.906747e-02,1.738231e-01,1.838667e-01,3.973768e-02,1.986090e-02,4.182687e-02,9.444102e-03	0.211721	0.391063	0.132682	-149534.745247	18	2	no_deam	A	2	ngsrelateWithRealFreq	0.027328996206715438
childA	childF	92058	0.551011	0.448984	2e-06	0.0	0.0	0.0	0.0	0.0	3e-06	0.224497	4e-06	4e-06	0.11225	3e-06	4e-06	2e-06	3e-06	5e-06	0.224497	-0.0	-147657.841386	90	-1	0.930659	3.369840e-01,1.747697e-01,2.017587e-02,1.736114e-01,1.789797e-01,4.414756e-02,2.121117e-02,3.999555e-02,1.012502e-02	0.231239	0.377665	0.121705	-150401.084633	18	2	no_deam	A	2	ngsrelateWithRealFreq	0.041652348397179254
childB	childD	91903	0.553535	0.445777	0.000688	0.0	0.0	0.0	0.0	0.0	0.0	0.223576	0.0	0.0	0.111788	0.0	0.0	0.000688	0.0	0.000688	0.223576	-0.0	-147582.866807	102	-1	0.929092	3.334823e-01,1.781755e-01,2.271686e-02,1.688311e-01,1.826789e-01,4.609864e-02,1.868550e-02,3.741061e-02,1.192059e-02	0.22664	0.387099	0.12549	-150698.048157	18	2	no_deam	A	2	ngsrelateWithRealFreq	0.043994709144017166
childA	childE	99395	0.530321	0.46966	1.8e-05	0.0	0.0	0.0	0.0	0.0	1e-06	0.234849	1e-06	1e-06	0.117425	1e-06	1e-06	1.8e-05	1e-06	1.9e-05	0.234849	-0.0	-170429.257428	74	-1	1.0	3.392519e-01,1.736931e-01,1.928212e-02,1.728284e-01,1.828200e-01,4.016747e-02,2.073049e-02,4.096896e-02,1.025768e-02	0.218863	0.390916	0.129579	-173724.795718	6	10	no_deam	A	2	ngsrelateWithRealFreq	0.024764752943111177
childA	childF	99395	0.543662	0.456321	1.3e-05	0.0	0.0	0.0	0.0	1e-06	3e-06	0.228177	4e-06	4e-06	0.11409	3e-06	3e-06	1.4e-05	3e-06	1.8e-05	0.228178	-0.0	-170499.416474	94	-1	1.0	3.386616e-01,1.734955e-01,2.005631e-02,1.719746e-01,1.808724e-01,4.298339e-02,2.092237e-02,4.068214e-02,1.035170e-02	0.226561	0.384741	0.125069	-174365.448119	6	10	no_deam	A	2	ngsrelateWithRealFreq	0.0356568154027623
childB	childD	99395	0.542665	0.457185	0.00015	0.0	0.0	0.0	0.0	0.0	0.0	0.228743	0.0	0.0	0.114371	0.0	0.0	0.00015	0.0	0.00015	0.228743	-0.0	-171106.918205	94	-1	1.0	3.356979e-01,1.769836e-01,2.302486e-02,1.681927e-01,1.800653e-01,4.679183e-02,1.822227e-02,3.840756e-02,1.261400e-02	0.229068	0.381799	0.123429	-175378.874518	6	10	no_deam	A	2	ngsrelateWithRealFreq	0.03489722505682458
childA	childE	99409	0.530887	0.468975	0.000129	2e-06	1e-06	3e-06	0.0	3e-06	0.0	0.234617	6e-06	6e-06	0.117309	0.0	1e-06	0.000131	0.0	0.000131	0.234623	1e-06	-171670.338798	82	-1	0.99998	3.379000e-01,1.740615e-01,1.919734e-02,1.732556e-01,1.842033e-01,4.014847e-02,2.043085e-02,4.082771e-02,9.975222e-03	0.215133	0.393663	0.131727	-174927.59274	6	8	deam	A	2	ngsrelateWithRealFreq	0.02527564067766962
childA	childF	99408	0.544899	0.455072	3e-05	0.0	0.0	0.0	0.0	0.0	0.0	0.227566	0.0	0.0	0.113783	0.0	0.0	3e-05	0.0	3e-05	0.227566	-0.0	-171714.688247	70	-1	0.99997	3.370648e-01,1.740450e-01,2.004407e-02,1.726537e-01,1.821055e-01,4.286001e-02,2.056323e-02,4.046953e-02,1.019418e-02	0.222988	0.386935	0.127028	-175544.812594	5	8	deam	A	2	ngsrelateWithRealFreq	0.0366717251889427
childB	childD	99409	0.54276	0.457136	0.000104	0.0	0.0	0.0	0.0	0.0	0.0	0.228672	0.0	0.0	0.114336	0.0	0.0	0.000104	0.0	0.000104	0.228672	-0.0	-172305.269592	102	-1	0.99998	3.343304e-01,1.773043e-01,2.267857e-02,1.685861e-01,1.815330e-01,4.663300e-02,1.817306e-02,3.835806e-02,1.240347e-02	0.225037	0.384822	0.125739	-176574.954518	6	8	deam	A	2	ngsrelateWithRealFreq	0.03495592897730895
childA	childE	99392	0.532886	0.467045	6.7e-05	0.0	0.0	0.0	0.0	0.0	2e-06	0.233591	2e-06	2e-06	0.116796	2e-06	2e-06	6.7e-05	2e-06	6.9e-05	0.233591	-0.0	-175144.797988	86	-1	0.999879	3.340903e-01,1.746538e-01,1.894245e-02,1.739400e-01,1.874008e-01,4.034916e-02,2.012807e-02,4.061230e-02,9.883110e-03	0.208486	0.399894	0.135835	-178361.281959	7	4	deam	A	2	ngsrelateWithRealFreq	0.026879518286854268
childA	childF	99387	0.545975	0.453947	7.5e-05	2e-06	0.0	1e-06	0.0	0.0	0.0	0.227048	1e-06	2e-06	0.113524	0.0	0.0	7.5e-05	0.0	7.5e-05	0.22705	-0.0	-175180.641935	110	-1	0.999829	3.331472e-01,1.749354e-01,1.958362e-02,1.732640e-01,1.855046e-01,4.294088e-02,2.039039e-02,4.004073e-02,1.019319e-02	0.215488	0.393723	0.131585	-178967.667751	10	4	deam	A	2	ngsrelateWithRealFreq	0.037570312122738606
childB	childD	99400	0.543928	0.455805	0.000262	4e-06	0.0	0.0	0.0	0.0	0.0	0.228165	0.0	4e-06	0.114082	0.0	0.0	0.000262	0.0	0.000262	0.228167	-2e-06	-175788.046887	106	-1	0.99996	3.306566e-01,1.781736e-01,2.235177e-02,1.692090e-01,1.849912e-01,4.630108e-02,1.788893e-02,3.817066e-02,1.225710e-02	0.217528	0.391852	0.130338	-179957.85866	9	4	deam	A	2	ngsrelateWithRealFreq	0.03597654723566449
childA	childE	89683	0.548477	0.451391	0.000128	1e-06	0.0	4e-06	0.0	0.0	0.0	0.225824	4e-06	1e-06	0.112912	0.0	0.0	0.000128	0.0	0.000128	0.225826	1e-06	-150101.169215	54	-1	0.905505	3.314716e-01,1.771042e-01,1.884780e-02,1.760355e-01,1.881658e-01,3.881306e-02,1.971286e-02,4.047121e-02,9.377819e-03	0.204929	0.399516	0.137303	-152277.430005	18	1	deam	A	2	ngsrelateWithRealFreq	0.03963529905694334
childA	childF	89650	0.552218	0.447622	0.000156	0.0	0.0	0.0	0.0	0.0	4e-06	0.223971	4e-06	4e-06	0.111987	4e-06	4e-06	0.000156	4e-06	0.00016	0.223971	-0.0	-149885.743246	210	-1	0.905172	3.321847e-01,1.752469e-01,2.012304e-02,1.723040e-01,1.882622e-01,4.218595e-02,2.000140e-02,3.994706e-02,9.744799e-03	0.213131	0.400721	0.133977	-152544.540135	18	1	deam	A	2	ngsrelateWithRealFreq	0.042701283134507
childB	childD	89653	0.549923	0.450036	3.6e-05	0.0	0.0	0.0	0.0	1e-06	4e-06	0.225058	5e-06	5e-06	0.112531	4e-06	4e-06	3.6e-05	4e-06	4e-05	0.225058	0.0	-150680.320141	106	-1	0.905202	3.277094e-01,1.813387e-01,2.140038e-02,1.704602e-01,1.858620e-01,4.544324e-02,1.736825e-02,3.861673e-02,1.180115e-02	0.208588	0.391595	0.134134	-153500.907556	18	1	deam	A	2	ngsrelateWithRealFreq	0.04077870572165496
childA	childE	99407	0.530481	0.469495	2.1e-05	0.0	0.0	0.0	0.0	0.0	3e-06	0.234772	3e-06	3e-06	0.117387	3e-06	3e-06	2.1e-05	3e-06	2.4e-05	0.234772	-0.0	-170476.480383	98	-1	0.99999	3.392773e-01,1.737617e-01,1.920387e-02,1.730750e-01,1.828939e-01,4.003307e-02,2.073328e-02,4.092195e-02,1.009988e-02	0.218362	0.391026	0.129816	-173723.021411	5	20	deam	A	2	ngsrelateWithRealFreq	0.024897435122250372
childA	childF	99408	0.543975	0.456012	1.1e-05	0.0	0.0	0.0	0.0	0.0	2e-06	0.228019	3e-06	3e-06	0.114011	2e-06	2e-06	1.1e-05	2e-06	1.4e-05	0.228019	-0.0	-170553.842278	82	-1	1.0	3.384223e-01,1.737662e-01,2.004859e-02,1.721789e-01,1.809925e-01,4.283679e-02,2.085317e-02,4.046973e-02,1.043178e-02	0.225986	0.384965	0.125359	-174424.705993	5	20	deam	A	2	ngsrelateWithRealFreq	0.03591074532782633
childB	childD	99408	0.542906	0.457008	8.6e-05	0.0	0.0	0.0	0.0	0.0	0.0	0.22859	0.0	0.0	0.114295	0.0	0.0	8.6e-05	0.0	8.6e-05	0.22859	-0.0	-171140.624702	114	-1	1.0	3.357130e-01,1.770400e-01,2.292562e-02,1.681686e-01,1.802694e-01,4.676904e-02,1.827812e-02,3.834247e-02,1.249386e-02	0.228568	0.382312	0.123741	-175410.040219	5	20	deam	A	2	ngsrelateWithRealFreq	0.035067764380790886
childA	childE	98559	0.54255	0.457133	0.000313	0.0	0.0	0.0	0.0	1e-06	3e-06	0.228883	4e-06	4e-06	0.114443	3e-06	3e-06	0.000314	3e-06	0.000317	0.228884	0.0	-175733.533852	178	-1	0.992788	3.314754e-01,1.755010e-01,1.924681e-02,1.745386e-01,1.890112e-01,3.979753e-02,2.032167e-02,4.045975e-02,9.648038e-03	0.209345	0.402267	0.135929	-178601.846449	11	2	deam	A	2	ngsrelateWithRealFreq	0.03487205260185677
childA	childF	98568	0.551353	0.448538	9.7e-05	0.0	0.0	0.0	0.0	5e-06	7e-06	0.224373	1.2e-05	1.2e-05	0.11219	7e-06	7e-06	0.000102	7e-06	0.000109	0.224378	0.0	-175486.114692	106	-1	0.992878	3.313489e-01,1.753486e-01,1.959187e-02,1.729490e-01,1.868984e-01,4.344367e-02,2.065766e-02,3.978731e-02,9.974668e-03	0.215355	0.396157	0.13212	-178839.783965	10	2	deam	A	2	ngsrelateWithRealFreq	0.041974108932372425
childB	childD	98526	0.550962	0.448518	0.000519	0.0	0.0	0.0	1e-06	0.0	0.0	0.224778	1e-06	1e-06	0.112389	0.0	0.0	0.000519	0.0	0.000519	0.224779	-0.0	-176151.487815	102	-1	0.992455	3.284354e-01,1.784928e-01,2.256872e-02,1.705594e-01,1.861698e-01,4.577072e-02,1.777118e-02,3.803486e-02,1.219721e-02	0.216683	0.393429	0.131011	-179903.331661	11	2	deam	A	2	ngsrelateWithRealFreq	0.04182420004813799
childA	childE	99411	0.530611	0.469324	6.4e-05	0.0	0.0	0.0	0.0	0.0	0.0	0.234726	0.0	0.0	0.117363	0.0	0.0	6.4e-05	0.0	6.4e-05	0.234726	0.0	-171084.024536	102	-1	0.99999	3.386200e-01,1.738906e-01,1.929688e-02,1.729407e-01,1.835806e-01,4.031033e-02,2.051794e-02,4.078914e-02,1.005384e-02	0.216879	0.39248	0.130741	-174355.737571	5	10	deam	A	2	ngsrelateWithRealFreq	0.025020354334021746
childA	childF	99411	0.544717	0.45527	1e-05	0.0	0.0	0.0	0.0	0.0	2e-06	0.227647	2e-06	2e-06	0.113825	2e-06	2e-06	1.1e-05	2e-06	1.3e-05	0.227648	-0.0	-171144.7728	90	-1	0.99999	3.376137e-01,1.742293e-01,1.995291e-02,1.723685e-01,1.817820e-01,4.269534e-02,2.076425e-02,4.029476e-02,1.029922e-02	0.223989	0.386519	0.126518	-174972.793609	5	10	deam	A	2	ngsrelateWithRealFreq	0.03651658567920427
childB	childD	99409	0.542647	0.457211	0.000142	0.0	0.0	0.0	0.0	0.0	0.0	0.228747	0.0	0.0	0.114374	0.0	0.0	0.000142	0.0	0.000142	0.228747	-0.0	-171739.998496	98	-1	0.99997	3.349801e-01,1.772252e-01,2.279382e-02,1.684575e-01,1.809108e-01,4.670227e-02,1.818710e-02,3.827777e-02,1.246547e-02	0.226526	0.383575	0.124859	-176003.280702	5	10	deam	A	2	ngsrelateWithRealFreq	0.03487924547157904
