a	b	nSites	J9	J8	J7	J6	J5	J4	J3	J2	J1	rab	Fa	Fb	theta	inbred_relatedness_1_2	inbred_relatedness_2_1	fraternity	identity	zygosity	2of3_IDB	FDiff	loglh	nIter	bestoptimll	coverage	2dsfs	R0	R1	KING	2dsfs_loglike	2dsfsf_niter	cov	deamination	kinship	degree	program	RMSE
childD	childE	99380	0.802128	0.197783	8.5e-05	0.0	0.0	0.0	0.0	0.0	3e-06	0.09898	3e-06	3e-06	0.049492	3e-06	3e-06	8.5e-05	3e-06	8.9e-05	0.09898	-0.0	-173192.254547	150	-1	0.99999	3.104105e-01,1.840346e-01,2.768364e-02,1.885909e-01,1.732794e-01,3.354065e-02,3.407998e-02,3.987944e-02,8.500924e-03	0.356439	0.341229	0.062771	-177813.550118	6	8	no_deam	FC	3	ngsrelateWithRealFreq	0.042598711631534884
childD	childF	99379	0.80325	0.196703	4.2e-05	0.0	0.0	0.0	0.0	0.0	5e-06	0.098398	5e-06	5e-06	0.049201	5e-06	5e-06	4.2e-05	5e-06	4.6e-05	0.098398	-0.0	-173110.235536	90	-1	0.99998	3.104015e-01,1.827018e-01,2.901601e-02,1.885048e-01,1.717175e-01,3.519342e-02,3.273988e-02,4.058911e-02,9.135981e-03	0.359637	0.337531	0.060987	-178404.242682	6	8	no_deam	FC	3	ngsrelateWithRealFreq	0.04349764159507196
childD	childE	98864	0.805517	0.193402	0.001065	0.0	0.0	1.6e-05	0.0	0.0	0.0	0.097766	1.6e-05	0.0	0.048883	0.0	0.0	0.001065	0.0	0.001065	0.097774	8e-06	-170087.12334	62	-1	0.996171	3.102008e-01,1.842014e-01,2.735701e-02,1.887464e-01,1.739269e-01,3.381909e-02,3.447250e-02,3.911662e-02,8.159182e-03	0.355491	0.342569	0.063331	-174388.003949	10	4	no_deam	FC	3	ngsrelateWithRealFreq	0.04577701431213416
childD	childF	98880	0.797639	0.202358	2e-06	0.0	0.0	0.0	0.0	0.0	2e-06	0.101182	2e-06	2e-06	0.050592	2e-06	2e-06	2e-06	2e-06	3e-06	0.101182	-0.0	-169984.800327	82	-1	0.996332	3.102668e-01,1.830908e-01,2.834914e-02,1.889301e-01,1.720307e-01,3.559241e-02,3.250178e-02,4.038476e-02,8.853453e-03	0.353721	0.338078	0.063542	-174855.896618	10	4	no_deam	FC	3	ngsrelateWithRealFreq	0.038898305400107074
childD	childE	68592	0.831254	0.166746	0.001986	3e-06	0.0	2e-06	0.0	0.0	9e-06	0.085368	1.1e-05	1.3e-05	0.042689	9e-06	9e-06	0.001986	9e-06	0.001995	0.08537	-1e-06	-101459.910576	50	-1	0.698109	3.036007e-01,1.875330e-01,2.792273e-02,1.935552e-01,1.759797e-01,3.219645e-02,3.470907e-02,3.801492e-02,6.488236e-03	0.355904	0.342419	0.063138	-103272.021926	30	1	no_deam	FC	3	ngsrelateWithRealFreq	0.06717485945401501
childD	childF	66345	0.814227	0.185713	5.6e-05	0.0	1e-06	0.0	0.0	0.0	2e-06	0.092916	2e-06	3e-06	0.046459	2e-06	3e-06	5.6e-05	2e-06	5.9e-05	0.092916	-0.0	-97975.607568	122	-1	0.67524	2.973737e-01,2.004888e-01,2.262630e-02,1.865968e-01,1.827031e-01,3.051755e-02,3.191287e-02,4.021804e-02,7.562828e-03	0.298513	0.356591	0.089434	-100017.578275	26	1	no_deam	FC	3	ngsrelateWithRealFreq	0.052465636480779836
childD	childE	99408	0.8019	0.197917	0.00018	0.0	0.0	0.0	0.0	0.0	3e-06	0.099142	3e-06	3e-06	0.049573	3e-06	3e-06	0.00018	3e-06	0.000184	0.099142	-0.0	-173276.775062	182	-1	1.0	3.105699e-01,1.840900e-01,2.774395e-02,1.884040e-01,1.737388e-01,3.344805e-02,3.397097e-02,3.971510e-02,8.319236e-03	0.355217	0.342429	0.063431	-177863.308003	5	20	no_deam	FC	3	ngsrelateWithRealFreq	0.042451074933386526
childD	childF	99408	0.802195	0.197645	0.000158	0.0	0.0	0.0	0.0	0.0	2e-06	0.098982	3e-06	3e-06	0.049492	2e-06	2e-06	0.000158	2e-06	0.00016	0.098983	-0.0	-173184.284855	71	-1	1.0	3.106301e-01,1.829228e-01,2.885091e-02,1.882330e-01,1.720177e-01,3.534016e-02,3.277362e-02,4.022840e-02,9.003283e-03	0.358245	0.338385	0.061673	-178454.125026	5	20	no_deam	FC	3	ngsrelateWithRealFreq	0.04268250622913326
childD	childE	91934	0.80556	0.194427	1e-05	0.0	0.0	0.0	0.0	0.0	2e-06	0.097226	2e-06	2e-06	0.048614	2e-06	2e-06	1e-05	2e-06	1.2e-05	0.097226	0.0	-149176.332528	90	-1	0.929556	3.085646e-01,1.850954e-01,2.790845e-02,1.888596e-01,1.737269e-01,3.401444e-02,3.390902e-02,4.035945e-02,7.562122e-03	0.355831	0.340543	0.062947	-152537.723091	19	2	no_deam	FC	3	ngsrelateWithRealFreq	0.04536985794188327
childD	childF	91905	0.813963	0.186031	0.0	0.0	0.0	0.0	0.0	0.0	5e-06	0.093021	5e-06	5e-06	0.046513	5e-06	5e-06	0.0	5e-06	5e-06	0.093021	-0.0	-148953.391517	182	-1	0.929263	3.076364e-01,1.847056e-01,2.935993e-02,1.887790e-01,1.720423e-01,3.544447e-02,3.307476e-02,4.056671e-02,8.390901e-03	0.362903	0.336066	0.059443	-152882.342994	15	2	no_deam	FC	3	ngsrelateWithRealFreq	0.05222802035306335
childD	childE	99398	0.80148	0.198364	0.000153	0.0	0.0	0.0	0.0	0.0	3e-06	0.099338	3e-06	3e-06	0.049671	3e-06	3e-06	0.000153	3e-06	0.000156	0.099338	-0.0	-173257.685971	174	-1	1.0	3.105298e-01,1.839480e-01,2.779719e-02,1.882297e-01,1.736132e-01,3.354813e-02,3.399467e-02,3.989372e-02,8.445686e-03	0.355917	0.342155	0.063101	-177896.658035	6	10	no_deam	FC	3	ngsrelateWithRealFreq	0.042097071572735296
childD	childF	99398	0.801092	0.198906	0.0	0.0	0.0	0.0	0.0	0.0	2e-06	0.099455	2e-06	2e-06	0.049728	2e-06	2e-06	0.0	2e-06	2e-06	0.099455	-0.0	-173149.847612	170	-1	1.0	3.106864e-01,1.827000e-01,2.888610e-02,1.883559e-01,1.718807e-01,3.515449e-02,3.272467e-02,4.053579e-02,9.076017e-03	0.358451	0.33811	0.061554	-178419.98945	7	10	no_deam	FC	3	ngsrelateWithRealFreq	0.04171725981733061
childD	childE	99416	0.802019	0.197718	0.000261	0.0	0.0	0.0	0.0	0.0	3e-06	0.099122	3e-06	3e-06	0.049563	3e-06	3e-06	0.000261	3e-06	0.000264	0.099122	-0.0	-174567.526308	162	-1	0.99997	3.090267e-01,1.843341e-01,2.766716e-02,1.886507e-01,1.750269e-01,3.347958e-02,3.356365e-02,3.987007e-02,8.381221e-03	0.349837	0.344836	0.066005	-179214.792897	5	8	deam	FC	3	ngsrelateWithRealFreq	0.04258110694506036
childD	childF	99414	0.80223	0.197769	0.0	0.0	0.0	0.0	0.0	0.0	1e-06	0.098885	1e-06	1e-06	0.049443	1e-06	1e-06	0.0	1e-06	1e-06	0.098885	-0.0	-174440.518658	2434	-1	0.99995	3.091470e-01,1.831443e-01,2.873083e-02,1.886459e-01,1.731656e-01,3.535096e-02,3.245315e-02,4.042734e-02,8.934981e-03	0.353327	0.340373	0.063985	-179717.744198	5	8	deam	FC	3	ngsrelateWithRealFreq	0.042646024672099665
childD	childE	99401	0.803708	0.194983	0.001307	0.0	0.0	0.0	0.0	0.0	2e-06	0.0988	2e-06	2e-06	0.049401	2e-06	2e-06	0.001307	2e-06	0.001309	0.0988	-0.0	-177913.248769	142	-1	0.999879	3.056170e-01,1.847515e-01,2.743045e-02,1.895705e-01,1.781967e-01,3.341573e-02,3.301365e-02,3.981549e-02,8.189010e-03	0.339199	0.350783	0.071284	-182460.052616	7	4	deam	FC	3	ngsrelateWithRealFreq	0.04439642553930064
childD	childF	99402	0.803416	0.196581	0.0	0.0	0.0	0.0	0.0	0.0	3e-06	0.098294	3e-06	3e-06	0.049148	3e-06	3e-06	0.0	3e-06	3e-06	0.098294	-0.0	-177920.688458	5006	-1	0.999889	3.052211e-01,1.842666e-01,2.830118e-02,1.894720e-01,1.764188e-01,3.530717e-02,3.206969e-02,3.997636e-02,8.967020e-03	0.342202	0.346331	0.069435	-183081.729812	9	4	deam	FC	3	ngsrelateWithRealFreq	0.04361520612890265
childD	childE	89551	0.806831	0.193144	2.2e-05	0.0	0.0	0.0	0.0	0.0	2e-06	0.096596	3e-06	3e-06	0.048299	2e-06	2e-06	2.2e-05	2e-06	2.4e-05	0.096597	-0.0	-151307.718208	66	-1	0.903916	3.030449e-01,1.907694e-01,2.608994e-02,1.910609e-01,1.770044e-01,3.314720e-02,3.233882e-02,3.907686e-02,7.467640e-03	0.330098	0.345386	0.074433	-154349.704654	15	1	deam	FC	3	ngsrelateWithRealFreq	0.04641252625818449
childD	childF	89465	0.821401	0.174242	0.004355	0.0	0.0	0.0	0.0	0.0	2e-06	0.091478	2e-06	2e-06	0.04574	2e-06	2e-06	0.004355	2e-06	0.004357	0.091478	-0.0	-151443.199617	218	-1	0.903048	3.048693e-01,1.850004e-01,2.932462e-02,1.890609e-01,1.772181e-01,3.559992e-02,3.294084e-02,3.811733e-02,7.868602e-03	0.351349	0.347456	0.065677	-154950.978818	19	1	deam	FC	3	ngsrelateWithRealFreq	0.06015630582075334
childD	childE	99410	0.801906	0.197859	0.000231	0.0	0.0	0.0	0.0	0.0	3e-06	0.099164	3e-06	3e-06	0.049584	3e-06	3e-06	0.000231	3e-06	0.000234	0.099164	-0.0	-173303.989871	162	-1	1.0	3.105625e-01,1.838785e-01,2.773234e-02,1.884743e-01,1.737826e-01,3.338637e-02,3.397111e-02,3.990566e-02,8.306636e-03	0.355061	0.342531	0.063509	-177903.650644	5	20	deam	FC	3	ngsrelateWithRealFreq	0.042477327591708657
childD	childF	99410	0.80196	0.197924	0.000116	0.0	0.0	0.0	0.0	0.0	0.0	0.099078	0.0	0.0	0.049539	0.0	0.0	0.000116	0.0	0.000116	0.099078	0.0	-173216.449075	98	-1	1.0	3.105269e-01,1.828281e-01,2.881783e-02,1.880990e-01,1.720570e-01,3.548759e-02,3.278877e-02,4.036150e-02,9.033275e-03	0.358059	0.33844	0.061758	-178531.993633	5	20	deam	FC	3	ngsrelateWithRealFreq	0.04247259835077985
childD	childE	98584	0.806056	0.191343	0.002599	0.0	0.0	0.0	0.0	0.0	2e-06	0.098272	3e-06	3e-06	0.049137	2e-06	2e-06	0.002599	2e-06	0.002601	0.098273	-0.0	-177845.88636	130	-1	0.99308	3.038449e-01,1.848872e-01,2.692229e-02,1.903719e-01,1.796304e-01,3.360997e-02,3.321168e-02,3.919732e-02,8.324359e-03	0.334765	0.353464	0.07353	-182029.780182	11	2	deam	FC	3	ngsrelateWithRealFreq	0.04686744991996043
childD	childF	98573	0.799095	0.200888	1.5e-05	0.0	0.0	0.0	0.0	0.0	2e-06	0.100461	2e-06	2e-06	0.050231	2e-06	2e-06	1.5e-05	2e-06	1.7e-05	0.100461	-0.0	-178110.513355	86	-1	0.992969	3.038543e-01,1.838913e-01,2.792681e-02,1.904055e-01,1.775216e-01,3.574415e-02,3.139074e-02,4.059936e-02,8.666267e-03	0.334143	0.34811	0.073089	-182862.372407	13	2	deam	FC	3	ngsrelateWithRealFreq	0.04009284139760281
childD	childE	99409	0.801929	0.197749	0.000318	0.0	0.0	0.0	0.0	0.0	3e-06	0.099196	3e-06	3e-06	0.049599	3e-06	3e-06	0.000318	3e-06	0.000321	0.099196	-0.0	-173811.936765	178	-1	0.99999	3.095883e-01,1.842310e-01,2.772414e-02,1.884511e-01,1.744731e-01,3.365405e-02,3.377101e-02,3.967636e-02,8.430862e-03	0.352462	0.343784	0.064762	-178451.3482	5	10	deam	FC	3	ngsrelateWithRealFreq	0.042531906321411614
childD	childF	99409	0.80194	0.197898	0.000145	9e-06	1e-06	2e-06	1e-06	0.0	3e-06	0.099099	6e-06	1.4e-05	0.049551	4e-06	4e-06	0.000145	3e-06	0.000148	0.099105	-3e-06	-173757.671827	58	-1	0.99999	3.098155e-01,1.829645e-01,2.876784e-02,1.884656e-01,1.727437e-01,3.536627e-02,3.257471e-02,4.032652e-02,8.975336e-03	0.355107	0.339735	0.063157	-179036.385043	5	10	deam	FC	3	ngsrelateWithRealFreq	0.04247510262494959
childD	childE	99378	0.80217	0.197503	0.000324	0.0	0.0	0.0	0.0	0.0	3e-06	0.099079	3e-06	3e-06	0.049541	3e-06	3e-06	0.000324	3e-06	0.000327	0.099079	-0.0	-173184.957046	190	-1	0.99997	3.104989e-01,1.839838e-01,2.795455e-02,1.881252e-01,1.737182e-01,3.369133e-02,3.390217e-02,3.970600e-02,8.419920e-03	0.356075	0.342394	0.063062	-177809.454687	6	8	no_deam	FC	3	ngsrelateWithRealFreq	0.042730741802594556
childD	childF	99379	0.80244	0.197553	5e-06	0.0	0.0	0.0	0.0	0.0	3e-06	0.098784	3e-06	3e-06	0.049393	3e-06	3e-06	5e-06	3e-06	7e-06	0.098784	-0.0	-173079.307023	118	-1	0.99998	3.107616e-01,1.826996e-01,2.898493e-02,1.881093e-01,1.720614e-01,3.536402e-02,3.276599e-02,4.032169e-02,8.931465e-03	0.358889	0.33854	0.06142	-178318.869678	7	8	no_deam	FC	3	ngsrelateWithRealFreq	0.04281993863455047
childD	childE	98876	0.802165	0.197811	2e-05	0.0	0.0	0.0	0.0	0.0	4e-06	0.09893	4e-06	4e-06	0.049467	4e-06	4e-06	2e-05	4e-06	2.4e-05	0.09893	-0.0	-170081.95949	162	-1	0.996272	3.102885e-01,1.849033e-01,2.771733e-02,1.886684e-01,1.730916e-01,3.355388e-02,3.371447e-02,3.968912e-02,8.373334e-03	0.354909	0.340566	0.063339	-174407.452673	10	4	no_deam	FC	3	ngsrelateWithRealFreq	0.0426023447946237
childD	childF	98880	0.80017	0.199824	2e-06	0.0	0.0	0.0	0.0	1e-06	3e-06	0.099917	5e-06	5e-06	0.04996	3e-06	3e-06	3e-06	3e-06	6e-06	0.099918	-0.0	-170092.375765	94	-1	0.996312	3.105615e-01,1.834070e-01,2.907453e-02,1.881880e-01,1.714384e-01,3.563335e-02,3.224331e-02,4.066245e-02,8.791351e-03	0.357667	0.336676	0.061716	-174972.335104	10	4	no_deam	FC	3	ngsrelateWithRealFreq	0.040966083044391755
childD	childE	68448	0.820356	0.179566	7.1e-05	0.0	0.0	0.0	0.0	0.0	7e-06	0.089861	7e-06	7e-06	0.044934	7e-06	7e-06	7.1e-05	7e-06	7.8e-05	0.089861	-0.0	-101177.769573	82	-1	0.695716	3.066396e-01,1.895006e-01,2.656292e-02,1.913726e-01,1.720967e-01,3.532983e-02,3.497616e-02,3.689863e-02,6.623011e-03	0.357584	0.334402	0.061481	-102967.23692	30	1	no_deam	FC	3	ngsrelateWithRealFreq	0.05747730025265045
childD	childF	68502	0.819216	0.180695	8.6e-05	0.0	0.0	0.0	0.0	0.0	3e-06	0.090437	3e-06	3e-06	0.04522	3e-06	3e-06	8.6e-05	3e-06	8.9e-05	0.090437	-0.0	-101037.856367	122	-1	0.696265	3.062914e-01,1.878698e-01,2.772709e-02,1.891171e-01,1.744091e-01,3.484379e-02,3.430431e-02,3.778064e-02,7.656672e-03	0.355666	0.340881	0.063057	-103184.499307	30	1	no_deam	FC	3	ngsrelateWithRealFreq	0.056550994913146045
childD	childE	99408	0.801793	0.19799	0.000214	0.0	0.0	0.0	0.0	0.0	2e-06	0.099212	2e-06	2e-06	0.049607	2e-06	2e-06	0.000214	2e-06	0.000217	0.099212	-0.0	-173286.94859	122	-1	1.0	3.105383e-01,1.840295e-01,2.771401e-02,1.884292e-01,1.737336e-01,3.342532e-02,3.400531e-02,3.977538e-02,8.349415e-03	0.355253	0.342414	0.063414	-177879.337453	5	20	no_deam	FC	3	ngsrelateWithRealFreq	0.042377670004378476
childD	childF	99408	0.801773	0.198125	0.000101	0.0	0.0	0.0	0.0	0.0	0.0	0.099164	1e-06	0.0	0.049582	0.0	0.0	0.000101	0.0	0.000101	0.099164	0.0	-173195.078459	70	-1	1.0	3.105987e-01,1.828122e-01,2.887086e-02,1.881446e-01,1.720240e-01,3.541967e-02,3.274776e-02,4.034878e-02,9.033463e-03	0.358198	0.338401	0.061695	-178494.168605	5	20	no_deam	FC	3	ngsrelateWithRealFreq	0.0423141794792242
childD	childE	91830	0.812137	0.187782	7.7e-05	0.0	0.0	0.0	0.0	0.0	4e-06	0.093972	4e-06	4e-06	0.046988	4e-06	4e-06	7.8e-05	4e-06	8.2e-05	0.093972	-0.0	-148953.329929	154	-1	0.928354	3.067005e-01,1.862561e-01,2.753552e-02,1.894151e-01,1.752565e-01,3.360021e-02,3.405169e-02,3.964308e-02,7.541394e-03	0.351412	0.343302	0.065149	-152316.724202	17	2	no_deam	FC	3	ngsrelateWithRealFreq	0.05076774639473373
childD	childF	91972	0.80684	0.192864	0.000288	4e-06	2e-06	2e-06	0.0	0.0	0.0	0.096722	2e-06	6e-06	0.048361	0.0	1e-06	0.000288	0.0	0.000288	0.096725	-1e-06	-149254.474772	58	-1	0.92979	3.087360e-01,1.834400e-01,2.908915e-02,1.892775e-01,1.716696e-01,3.656832e-02,3.356511e-02,3.880353e-02,8.850849e-03	0.36497	0.336117	0.058579	-153026.591799	18	2	no_deam	FC	3	ngsrelateWithRealFreq	0.046530961162076445
childD	childE	99395	0.801175	0.198676	0.000146	0.0	0.0	0.0	0.0	0.0	3e-06	0.099487	3e-06	3e-06	0.049745	3e-06	3e-06	0.000146	3e-06	0.000149	0.099487	-0.0	-173254.055914	166	-1	1.0	3.105107e-01,1.838770e-01,2.773746e-02,1.882821e-01,1.736404e-01,3.351722e-02,3.401719e-02,3.996131e-02,8.456715e-03	0.355647	0.342221	0.063223	-177885.495722	6	10	no_deam	FC	3	ngsrelateWithRealFreq	0.04184517063732284
childD	childF	99395	0.800927	0.19907	0.0	0.0	0.0	0.0	0.0	1e-06	2e-06	0.099537	2e-06	2e-06	0.049769	2e-06	2e-06	1e-06	2e-06	2e-06	0.099538	-0.0	-173166.690114	230	-1	1.0	3.106960e-01,1.825807e-01,2.883570e-02,1.880316e-01,1.719172e-01,3.550011e-02,3.284093e-02,4.054966e-02,9.048000e-03	0.358758	0.338194	0.061435	-178469.41443	6	10	no_deam	FC	3	ngsrelateWithRealFreq	0.04158294613981391
childD	childE	99410	0.802131	0.197559	0.000307	0.0	0.0	0.0	0.0	0.0	3e-06	0.099089	3e-06	3e-06	0.049546	3e-06	3e-06	0.000307	3e-06	0.000309	0.099089	-0.0	-174514.567425	170	-1	0.99999	3.091472e-01,1.844328e-01,2.752234e-02,1.887129e-01,1.750286e-01,3.344134e-02,3.371394e-02,3.965620e-02,8.344578e-03	0.349864	0.344898	0.066	-179126.942698	6	8	deam	FC	3	ngsrelateWithRealFreq	0.042691895760983346
childD	childF	99409	0.802613	0.197375	7e-06	0.0	0.0	0.0	0.0	1e-06	4e-06	0.098699	4e-06	4e-06	0.049351	4e-06	4e-06	8e-06	4e-06	1.1e-05	0.098699	-0.0	-174398.160073	122	-1	0.99998	3.092254e-01,1.830442e-01,2.883474e-02,1.886495e-01,1.731899e-01,3.534175e-02,3.239180e-02,4.040596e-02,8.916795e-03	0.353523	0.340477	0.063915	-179678.395161	5	8	deam	FC	3	ngsrelateWithRealFreq	0.04296323406122962
childD	childE	99397	0.803231	0.195759	0.001006	0.0	0.0	0.0	0.0	2e-06	1e-06	0.098887	3e-06	4e-06	0.049444	1e-06	1e-06	0.001008	1e-06	0.001009	0.098889	-0.0	-177932.170074	122	-1	0.99993	3.054408e-01,1.850540e-01,2.723924e-02,1.896265e-01,1.781209e-01,3.361635e-02,3.301986e-02,3.957542e-02,8.306901e-03	0.338305	0.350541	0.071635	-182498.043846	7	4	deam	FC	3	ngsrelateWithRealFreq	0.043881041760651045
childD	childF	99392	0.800615	0.199282	9.2e-05	0.0	0.0	1e-05	0.0	0.0	0.0	0.099733	1e-05	1e-06	0.049867	0.0	0.0	9.2e-05	0.0	9.2e-05	0.099739	5e-06	-177805.620764	38	-1	0.999879	3.056415e-01,1.838413e-01,2.829026e-02,1.893683e-01,1.764564e-01,3.553633e-02,3.176560e-02,4.021926e-02,8.880967e-03	0.340344	0.346658	0.070266	-183019.673038	10	4	deam	FC	3	ngsrelateWithRealFreq	0.041369079487784906
childD	childE	89763	0.808162	0.1887	0.003134	0.0	0.0	0.0	0.0	0.0	3e-06	0.097487	3e-06	3e-06	0.048745	3e-06	3e-06	0.003134	3e-06	0.003137	0.097487	-0.0	-152153.300337	146	-1	0.906312	3.023905e-01,1.863666e-01,2.638365e-02,1.924680e-01,1.804774e-01,3.290612e-02,3.236582e-02,3.891639e-02,7.725564e-03	0.325523	0.354289	0.077597	-155265.793093	22	1	deam	FC	3	ngsrelateWithRealFreq	0.04882052232412105
childD	childF	89727	0.799978	0.199989	3e-05	0.0	0.0	0.0	0.0	0.0	3e-06	0.100027	3e-06	3e-06	0.050015	3e-06	3e-06	3e-05	3e-06	3.3e-05	0.100027	-0.0	-151803.351236	110	-1	0.905949	3.025247e-01,1.847481e-01,2.796469e-02,1.912951e-01,1.788308e-01,3.567011e-02,3.041384e-02,4.021413e-02,8.338488e-03	0.326446	0.350438	0.076673	-155511.509731	18	1	deam	FC	3	ngsrelateWithRealFreq	0.040820344212986075
childD	childE	99407	0.801912	0.197893	0.000191	0.0	0.0	0.0	0.0	0.0	3e-06	0.099141	3e-06	3e-06	0.049572	3e-06	3e-06	0.000191	3e-06	0.000195	0.099141	-0.0	-173299.308892	371	-1	0.99999	3.105663e-01,1.839153e-01,2.768424e-02,1.885071e-01,1.737664e-01,3.337169e-02,3.401225e-02,3.989615e-02,8.280603e-03	0.355054	0.342473	0.063505	-177885.536639	5	20	deam	FC	3	ngsrelateWithRealFreq	0.04246579672316689
childD	childF	99408	0.801749	0.198201	4.9e-05	0.0	0.0	0.0	0.0	0.0	2e-06	0.099151	2e-06	2e-06	0.049577	2e-06	2e-06	4.9e-05	2e-06	5.1e-05	0.099151	-0.0	-173218.032224	98	-1	1.0	3.105481e-01,1.827887e-01,2.882397e-02,1.881288e-01,1.720639e-01,3.545829e-02,3.277459e-02,4.037998e-02,9.033649e-03	0.357998	0.338472	0.061788	-178529.436217	5	20	deam	FC	3	ngsrelateWithRealFreq	0.04227330837538035
childD	childE	98577	0.805747	0.192378	0.001875	0.0	0.0	0.0	0.0	0.0	0.0	0.098064	0.0	0.0	0.049032	0.0	0.0	0.001875	0.0	0.001875	0.098064	0.0	-178337.84743	114	-1	0.992969	3.035208e-01,1.856337e-01,2.737422e-02,1.898874e-01,1.797540e-01,3.332725e-02,3.291514e-02,3.948207e-02,8.105463e-03	0.335399	0.353415	0.073251	-182411.106995	10	2	deam	FC	3	ngsrelateWithRealFreq	0.046301686499161845
childD	childF	98585	0.804901	0.194978	0.000118	0.0	0.0	0.0	0.0	0.0	4e-06	0.09761	4e-06	4e-06	0.048807	4e-06	4e-06	0.000118	4e-06	0.000121	0.09761	-0.0	-177970.030809	182	-1	0.99305	3.033599e-01,1.845953e-01,2.862769e-02,1.900138e-01,1.773264e-01,3.562678e-02,3.171791e-02,3.994366e-02,8.788596e-03	0.340308	0.347341	0.070369	-182632.347448	10	2	deam	FC	3	ngsrelateWithRealFreq	0.04487595573355512
childD	childE	99411	0.802168	0.197558	0.000271	0.0	0.0	0.0	0.0	0.0	3e-06	0.099053	3e-06	3e-06	0.049528	3e-06	3e-06	0.000272	3e-06	0.000275	0.099054	-0.0	-173848.987233	170	-1	0.99999	3.097681e-01,1.840693e-01,2.779021e-02,1.885568e-01,1.743646e-01,3.349237e-02,3.375967e-02,3.982430e-02,8.374680e-03	0.352995	0.343581	0.064511	-178480.134108	5	10	deam	FC	3	ngsrelateWithRealFreq	0.04270728676701435
childD	childF	99411	0.802095	0.197901	0.0	0.0	0.0	0.0	0.0	0.0	4e-06	0.098954	4e-06	4e-06	0.049479	4e-06	4e-06	0.0	4e-06	4e-06	0.098954	-0.0	-173742.319798	2206	-1	0.99999	3.097925e-01,1.831451e-01,2.868875e-02,1.883137e-01,1.727794e-01,3.532245e-02,3.264292e-02,4.038281e-02,8.932382e-03	0.354971	0.339785	0.06322	-179016.257638	5	10	deam	FC	3	ngsrelateWithRealFreq	0.04253702240793699
