a	b	nSites	J9	J8	J7	J6	J5	J4	J3	J2	J1	rab	Fa	Fb	theta	inbred_relatedness_1_2	inbred_relatedness_2_1	fraternity	identity	zygosity	2of3_IDB	FDiff	loglh	nIter	bestoptimll	coverage	2dsfs	R0	R1	KING	2dsfs_loglike	2dsfsf_niter	cov	deamination	kinship	degree	program	RMSE
childA	childB	99380	0.266261	0.489355	0.244378	0.0	0.0	6e-06	0.0	0.0	0.0	0.489055	6e-06	1e-06	0.244528	0.0	0.0	0.244378	0.0	0.244378	0.489059	3e-06	-160425.73402	74	-1	0.99999	4.019379e-01,1.213558e-01,9.297351e-03,1.227189e-01,2.389094e-01,3.424771e-02,1.099779e-02,3.486398e-02,2.567108e-02	0.084949	0.71641	0.250718	-163144.353814	6	8	no_deam	FS	1	ngsrelateWithRealFreq	0.011681081998970258
childE	childF	99380	0.256153	0.502474	0.241354	0.0	1.2e-05	0.0	3e-06	4e-06	0.0	0.492602	7e-06	1.7e-05	0.246303	2e-06	6e-06	0.241358	0.0	0.241358	0.49261	-0.0	-160583.159025	58	-1	0.99999	4.011416e-01,1.212554e-01,1.064950e-02,1.212686e-01,2.393882e-01,3.655689e-02,9.195226e-03,3.438820e-02,2.615645e-02	0.082898	0.718207	0.252067	-163382.107555	6	8	no_deam	FS	1	ngsrelateWithRealFreq	0.006291088962439913
childA	childB	98884	0.265536	0.490618	0.243816	1e-06	4e-06	1.6e-05	9e-06	0.0	0.0	0.489135	2.5e-05	5e-06	0.244569	5e-06	2e-06	0.243816	0.0	0.243816	0.489147	7e-06	-158655.852406	54	-1	0.996373	4.008919e-01,1.215846e-01,9.294642e-03,1.228776e-01,2.394506e-01,3.379197e-02,1.083799e-02,3.522519e-02,2.604541e-02	0.084078	0.717752	0.251376	-161254.753545	10	4	no_deam	FS	1	ngsrelateWithRealFreq	0.011069945437986582
childE	childF	98880	0.259145	0.497425	0.243408	1.1e-05	1e-05	1e-06	0.0	0.0	0.0	0.492128	1e-06	2.1e-05	0.246065	0.0	5e-06	0.243408	0.0	0.243408	0.492136	-5e-06	-158751.220741	70	-1	0.996332	4.011390e-01,1.217004e-01,1.063312e-02,1.213661e-01,2.397460e-01,3.611904e-02,9.276034e-03,3.383771e-02,2.618247e-02	0.083043	0.720104	0.25227	-161359.124646	11	4	no_deam	FS	1	ngsrelateWithRealFreq	0.006676229325000754
childA	childB	66673	0.280111	0.465171	0.254713	0.0	0.0	3e-06	1e-06	0.0	0.0	0.4873	4e-06	0.0	0.24365	1e-06	0.0	0.254713	0.0	0.254713	0.487302	1e-06	-94098.316114	54	-1	0.678578	3.916724e-01,1.350438e-01,5.865771e-03,1.169037e-01,2.594441e-01,2.454201e-02,1.014258e-02,3.268742e-02,2.369818e-02	0.061702	0.797834	0.274649	-94971.414597	30	1	no_deam	FS	1	ngsrelateWithRealFreq	0.026720428707888155
childE	childF	66245	0.263667	0.489133	0.247176	0.0	0.0	1e-06	2.2e-05	2e-06	0.0	0.491759	2.5e-05	2e-06	0.245882	1.1e-05	0.0	0.247178	0.0	0.247178	0.491767	1e-06	-93863.659579	62	-1	0.674222	3.923714e-01,1.325754e-01,7.496534e-03,1.168916e-01,2.553766e-01,2.811898e-02,6.943037e-03,3.599591e-02,2.423048e-02	0.056542	0.778536	0.274764	-94914.487976	35	1	no_deam	FS	1	ngsrelateWithRealFreq	0.010211979142164361
childA	childB	99408	0.266652	0.488389	0.244944	0.0	1.2e-05	0.0	3e-06	0.0	0.0	0.48915	3e-06	1.2e-05	0.244577	2e-06	6e-06	0.244944	0.0	0.244944	0.489154	0.0	-160439.561857	62	-1	1.0	4.018486e-01,1.213082e-01,9.234615e-03,1.227068e-01,2.390154e-01,3.422260e-02,1.106564e-02,3.483579e-02,2.576247e-02	0.084933	0.71696	0.250808	-163185.158695	5	20	no_deam	FS	1	ngsrelateWithRealFreq	0.012078459628611584
childE	childF	99408	0.256635	0.501	0.242341	1e-05	8e-06	5e-06	1e-06	0.0	0.0	0.492848	6e-06	1.8e-05	0.246425	1e-06	4e-06	0.242341	0.0	0.242341	0.492858	-3e-06	-160527.177412	62	-1	1.0	4.011244e-01,1.211875e-01,1.063293e-02,1.213383e-01,2.397597e-01,3.644588e-02,9.174265e-03,3.421948e-02,2.611747e-02	0.082613	0.720003	0.252482	-163353.240237	5	20	no_deam	FS	1	ngsrelateWithRealFreq	0.005878874778957846
childA	childB	91869	0.272443	0.480497	0.246977	4e-06	2e-05	4.4e-05	1.2e-05	1e-06	3e-06	0.487252	6e-05	2.7e-05	0.243631	9e-06	1.3e-05	0.246978	3e-06	0.24698	0.487285	2e-05	-140856.656668	42	-1	0.928899	4.002872e-01,1.236276e-01,8.865748e-03,1.225202e-01,2.416134e-01,3.347012e-02,1.131787e-02,3.281442e-02,2.548352e-02	0.083537	0.726403	0.25293	-142742.228481	18	2	no_deam	FS	1	ngsrelateWithRealFreq	0.01725489096845683
childE	childF	91827	0.267009	0.491152	0.241813	7e-06	6e-06	6e-06	3e-06	0.0	4e-06	0.4874	1.3e-05	1.7e-05	0.243703	5e-06	7e-06	0.241813	4e-06	0.241817	0.487409	-1e-06	-141107.143154	110	-1	0.928474	3.979504e-01,1.230856e-01,1.021903e-02,1.220202e-01,2.413451e-01,3.599822e-02,9.769148e-03,3.309971e-02,2.651268e-02	0.08282	0.722175	0.252692	-143233.845741	18	2	no_deam	FS	1	ngsrelateWithRealFreq	0.012036336015028277
childA	childB	99398	0.266975	0.487896	0.245114	0.0	1.4e-05	0.0	1e-06	0.0	0.0	0.489073	1e-06	1.4e-05	0.244538	1e-06	7e-06	0.245114	0.0	0.245114	0.489077	0.0	-160419.493098	66	-1	1.0	4.019587e-01,1.212560e-01,9.149042e-03,1.228210e-01,2.389749e-01,3.414317e-02,1.117941e-02,3.477420e-02,2.574358e-02	0.085065	0.716947	0.250736	-163136.711974	6	10	no_deam	FS	1	ngsrelateWithRealFreq	0.012362988271449594
childE	childF	99398	0.256647	0.501268	0.242051	9e-06	2.2e-05	2e-06	0.0	0.0	0.0	0.492702	3e-06	3.1e-05	0.246354	0.0	1.1e-05	0.242051	0.0	0.242051	0.492713	-3e-06	-160513.921382	62	-1	1.0	4.010394e-01,1.211820e-01,1.052732e-02,1.214104e-01,2.396432e-01,3.639378e-02,9.301620e-03,3.429468e-02,2.620769e-02	0.082744	0.719412	0.252326	-163353.99099	6	10	no_deam	FS	1	ngsrelateWithRealFreq	0.006027078728538409
childA	childB	99415	0.266539	0.48974	0.243718	0.0	0.0	2e-06	0.0	0.0	0.0	0.488589	2e-06	0.0	0.244294	0.0	0.0	0.243718	0.0	0.243718	0.48859	1e-06	-161657.197844	82	-1	0.99996	4.003524e-01,1.218200e-01,9.154280e-03,1.232454e-01,2.399933e-01,3.410762e-02,1.095983e-02,3.473019e-02,2.563691e-02	0.083811	0.718505	0.251628	-164396.331562	5	8	deam	FS	1	ngsrelateWithRealFreq	0.011807760795341352
childE	childF	99417	0.256889	0.501348	0.241753	0.0	4e-06	0.0	4e-06	1e-06	0.0	0.492434	5e-06	6e-06	0.246218	2e-06	3e-06	0.241754	0.0	0.241754	0.492437	-0.0	-161991.392497	62	-1	0.99998	3.994414e-01,1.213925e-01,1.048705e-02,1.217591e-01,2.409515e-01,3.642235e-02,9.144085e-03,3.427219e-02,2.612992e-02	0.081473	0.722543	0.253458	-164868.376278	6	8	deam	FS	1	ngsrelateWithRealFreq	0.006252690994017424
childA	childB	99407	0.267477	0.491918	0.240596	0.0	7e-06	0.0	0.0	1e-06	1e-06	0.486561	2e-06	8e-06	0.243282	1e-06	4e-06	0.240597	1e-06	0.240597	0.486564	0.0	-165298.487061	51	-1	0.99994	3.965408e-01,1.229129e-01,9.053444e-03,1.242862e-01,2.425972e-01,3.443666e-02,1.073258e-02,3.445355e-02,2.498675e-02	0.081559	0.722283	0.253375	-167922.653429	10	4	deam	FS	1	ngsrelateWithRealFreq	0.012372004270394784
childE	childF	99402	0.259036	0.502889	0.238074	0.0	0.0	0.0	0.0	1e-06	0.0	0.489518	1e-06	1e-06	0.244759	0.0	0.0	0.238074	0.0	0.238074	0.489519	0.0	-165841.393991	70	-1	0.999889	3.953655e-01,1.227228e-01,1.044054e-02,1.226933e-01,2.431595e-01,3.656086e-02,9.009484e-03,3.437424e-02,2.567378e-02	0.079989	0.724117	0.254475	-168676.045261	9	4	deam	FS	1	ngsrelateWithRealFreq	0.008798202335325852
childA	childB	89712	0.281226	0.483754	0.234986	4e-06	1e-05	8e-06	6e-06	1e-06	5e-06	0.47688	2e-05	2e-05	0.238444	8e-06	1e-05	0.234986	5e-06	0.234991	0.476891	2e-06	-144545.296725	42	-1	0.905542	3.945950e-01,1.246156e-01,8.260744e-03,1.269340e-01,2.431547e-01,3.387190e-02,1.142836e-02,3.281859e-02,2.432116e-02	0.080974	0.719544	0.25328	-146285.672904	19	1	deam	FS	1	ngsrelateWithRealFreq	0.02209385878473924
childE	childF	89456	0.275717	0.490693	0.233574	1e-06	1.5e-05	0.0	0.0	0.0	0.0	0.478932	0.0	1.6e-05	0.239468	0.0	8e-06	0.233574	0.0	0.233574	0.478936	-0.0	-144440.915299	62	-1	0.902958	3.919082e-01,1.235905e-01,1.047242e-02,1.258622e-01,2.447626e-01,3.669244e-02,9.108414e-03,3.225875e-02,2.534442e-02	0.079999	0.724183	0.254479	-146394.82393	22	1	deam	FS	1	ngsrelateWithRealFreq	0.018419173108475847
childA	childB	99410	0.266607	0.488355	0.245018	0.0	9e-06	5e-06	5e-06	0.0	0.0	0.489207	1e-05	9e-06	0.244605	3e-06	5e-06	0.245018	0.0	0.245019	0.489213	2e-06	-160445.57244	62	-1	1.0	4.018031e-01,1.212266e-01,9.244392e-03,1.227860e-01,2.390674e-01,3.415084e-02,1.104766e-02,3.489199e-02,2.578198e-02	0.08488	0.717172	0.250867	-163195.913727	5	20	deam	FS	1	ngsrelateWithRealFreq	0.01205845205654523
childE	childF	99410	0.256769	0.500979	0.242249	2e-06	0.0	0.0	0.0	0.0	0.0	0.492739	0.0	2e-06	0.246369	0.0	0.0	0.242249	0.0	0.242249	0.49274	-1e-06	-160556.081127	66	-1	1.0	4.010251e-01,1.213152e-01,1.066971e-02,1.212681e-01,2.397678e-01,3.652387e-02,9.133815e-03,3.415212e-02,2.614430e-02	0.082595	0.719888	0.252475	-163391.162899	5	20	deam	FS	1	ngsrelateWithRealFreq	0.005968132119851245
childA	childB	98592	0.270574	0.491141	0.238282	0.0	1e-06	1e-06	1e-06	0.0	1e-06	0.483854	2e-06	2e-06	0.241928	1e-06	1e-06	0.238282	1e-06	0.238283	0.483855	0.0	-166873.259612	42	-1	0.99316	3.941373e-01,1.246246e-01,8.521564e-03,1.248225e-01,2.439468e-01,3.381181e-02,1.090505e-02,3.429479e-02,2.493556e-02	0.079635	0.72392	0.254633	-169274.263371	10	2	deam	FS	1	ngsrelateWithRealFreq	0.014595465974061939
childE	childF	98587	0.258693	0.505076	0.236231	0.0	0.0	0.0	0.0	0.0	0.0	0.488769	0.0	0.0	0.244385	0.0	0.0	0.236231	0.0	0.236231	0.488769	0.0	-167516.861599	62	-1	0.99311	3.936687e-01,1.234371e-01,1.037386e-02,1.233866e-01,2.440683e-01,3.607730e-02,8.645767e-03,3.442083e-02,2.592156e-02	0.077927	0.725656	0.255791	-170073.74817	14	2	deam	FS	1	ngsrelateWithRealFreq	0.009847493522042379
childA	childB	99409	0.266421	0.489078	0.244482	1e-06	4e-06	1.1e-05	3e-06	1e-06	0.0	0.489026	1.5e-05	6e-06	0.244514	2e-06	2e-06	0.244483	0.0	0.244483	0.489035	5e-06	-161168.969994	54	-1	0.99999	4.010355e-01,1.216756e-01,9.178879e-03,1.229410e-01,2.395885e-01,3.414075e-02,1.099459e-02,3.472878e-02,2.571638e-02	0.0842	0.718063	0.251357	-163896.665607	5	10	deam	FS	1	ngsrelateWithRealFreq	0.011823530902399676
childE	childF	99410	0.256619	0.501562	0.241818	0.0	0.0	0.0	0.0	1e-06	0.0	0.492599	1e-06	1e-06	0.2463	0.0	0.0	0.241819	0.0	0.241819	0.4926	0.0	-161204.534218	182	-1	1.0	4.000494e-01,1.213191e-01,1.050230e-02,1.216930e-01,2.402702e-01,3.634280e-02,9.186530e-03,3.436404e-02,2.627273e-02	0.081945	0.72065	0.252931	-164079.446492	6	10	deam	FS	1	ngsrelateWithRealFreq	0.0061426413699645415
childA	childB	99379	0.26599	0.489726	0.24428	0.0	4e-06	0.0	0.0	0.0	0.0	0.489146	0.0	4e-06	0.244573	0.0	2e-06	0.24428	0.0	0.24428	0.489147	-0.0	-160447.363877	62	-1	0.99998	4.019774e-01,1.214677e-01,9.303711e-03,1.227238e-01,2.387540e-01,3.434232e-02,1.095808e-02,3.474041e-02,2.573254e-02	0.084865	0.715827	0.250676	-163155.552711	6	8	no_deam	FS	1	ngsrelateWithRealFreq	0.011459400449703587
childE	childF	99380	0.255992	0.502252	0.241752	1e-06	2e-06	0.0	0.0	1e-06	0.0	0.49288	1e-06	4e-06	0.24644	0.0	1e-06	0.241752	0.0	0.241752	0.492881	-1e-06	-160550.219245	58	-1	0.99999	4.010066e-01,1.209533e-01,1.055824e-02,1.213615e-01,2.395548e-01,3.649287e-02,9.240944e-03,3.458767e-02,2.624416e-02	0.08265	0.718964	0.252309	-163398.860842	6	8	no_deam	FS	1	ngsrelateWithRealFreq	0.006027854012830774
childA	childB	98871	0.266945	0.490209	0.242845	0.0	0.0	0.0	0.0	0.0	0.0	0.48795	0.0	0.0	0.243975	0.0	0.0	0.242845	0.0	0.242845	0.48795	0.0	-158718.377238	342	-1	0.996222	4.011524e-01,1.223141e-01,9.285253e-03,1.226757e-01,2.388881e-01,3.403203e-02,1.096335e-02,3.485619e-02,2.583292e-02	0.084762	0.714963	0.250603	-161209.804761	10	4	no_deam	FS	1	ngsrelateWithRealFreq	0.012030388342304934
childE	childF	98907	0.262121	0.49559	0.242281	4e-06	3e-06	0.0	0.0	0.0	0.0	0.490079	0.0	7e-06	0.24504	0.0	2e-06	0.242281	0.0	0.242281	0.490082	-2e-06	-158892.851197	98	-1	0.996584	4.003217e-01,1.214240e-01,1.087069e-02,1.217075e-01,2.396918e-01,3.633636e-02,9.296228e-03,3.407379e-02,2.627789e-02	0.084137	0.718267	0.251421	-161580.644843	10	4	no_deam	FS	1	ngsrelateWithRealFreq	0.008678511815589892
childA	childB	69313	0.338276	0.416224	0.245496	0.0	0.0	0.0	1e-06	2e-06	2e-06	0.45361	4e-06	4e-06	0.226806	2e-06	2e-06	0.245497	2e-06	0.245499	0.453612	0.0	-99052.018215	78	-1	0.704508	3.936403e-01,1.255624e-01,1.227515e-02,1.246372e-01,2.427845e-01,3.297327e-02,1.377987e-02,3.220626e-02,2.214117e-02	0.107317	0.711073	0.238061	-100093.488151	27	1	no_deam	FS	1	ngsrelateWithRealFreq	0.0703120576857199
childE	childF	68484	0.268235	0.503776	0.227971	3e-06	5e-06	3e-06	7e-06	0.0	0.0	0.479869	1e-05	8e-06	0.239936	4e-06	3e-06	0.227971	0.0	0.227971	0.479874	0.0	-97072.071326	62	-1	0.696082	3.952187e-01,1.280104e-01,9.363869e-03,1.255850e-01,2.406141e-01,3.415076e-02,8.870789e-03,3.215849e-02,2.602780e-02	0.075784	0.711582	0.25482	-98300.881782	34	1	no_deam	FS	1	ngsrelateWithRealFreq	0.01665383081055727
childA	childB	99408	0.266747	0.488228	0.245005	1e-06	1.3e-05	3e-06	3e-06	0.0	0.0	0.489131	5e-06	1.4e-05	0.244567	1e-06	7e-06	0.245005	0.0	0.245005	0.489137	1e-06	-160445.060823	50	-1	1.0	4.017582e-01,1.212680e-01,9.244712e-03,1.227968e-01,2.390156e-01,3.413200e-02,1.106548e-02,3.486625e-02,2.585302e-02	0.084974	0.716961	0.250786	-163204.859606	5	20	no_deam	FS	1	ngsrelateWithRealFreq	0.01216541570737858
childE	childF	99408	0.256726	0.500871	0.242398	0.0	4e-06	0.0	1e-06	0.0	0.0	0.492837	1e-06	4e-06	0.246419	0.0	2e-06	0.242399	0.0	0.242399	0.492839	-0.0	-160536.838247	66	-1	1.0	4.010734e-01,1.212578e-01,1.064298e-02,1.212486e-01,2.397599e-01,3.652692e-02,9.166029e-03,3.417029e-02,2.615407e-02	0.08262	0.719972	0.252474	-163367.60487	5	20	no_deam	FS	1	ngsrelateWithRealFreq	0.005881839876546567
childA	childB	91969	0.281509	0.470347	0.248137	0.0	1e-06	6e-06	0.0	0.0	0.0	0.483311	6e-06	1e-06	0.241656	0.0	0.0	0.248137	0.0	0.248137	0.483315	3e-06	-141186.04922	98	-1	0.929759	3.991574e-01,1.233650e-01,8.878075e-03,1.230951e-01,2.408628e-01,3.327749e-02,1.201776e-02,3.314055e-02,2.620582e-02	0.086754	0.721634	0.250529	-143210.804851	18	2	no_deam	FS	1	ngsrelateWithRealFreq	0.02500392141911611
childE	childF	91938	0.26352	0.496258	0.240139	5.6e-05	2.6e-05	0.0	0.0	0.0	0.0	0.488288	0.0	8.3e-05	0.244147	0.0	1.3e-05	0.240139	0.0	0.240139	0.488323	-2.8e-05	-141351.264032	74	-1	0.929446	3.992071e-01,1.208111e-01,1.074789e-02,1.237221e-01,2.395051e-01,3.735521e-02,9.267030e-03,3.298456e-02,2.639989e-02	0.083568	0.71518	0.251265	-143437.277898	19	2	no_deam	FS	1	ngsrelateWithRealFreq	0.009900038467938726
childA	childB	99395	0.26699	0.488026	0.244983	0.0	0.0	0.0	0.0	1e-06	0.0	0.488996	1e-06	1e-06	0.244498	0.0	0.0	0.244984	0.0	0.244984	0.488997	-0.0	-160441.15514	70	-1	1.0	4.018188e-01,1.212234e-01,9.173618e-03,1.226830e-01,2.389384e-01,3.421343e-02,1.118613e-02,3.491489e-02,2.584827e-02	0.085209	0.716684	0.250621	-163194.944552	6	10	no_deam	FS	1	ngsrelateWithRealFreq	0.01234513487168123
childE	childF	99395	0.256881	0.50071	0.242402	0.0	6e-06	0.0	0.0	0.0	0.0	0.492762	0.0	7e-06	0.246382	0.0	3e-06	0.242402	0.0	0.242402	0.492764	-0.0	-160537.571211	66	-1	1.0	4.010289e-01,1.211770e-01,1.060141e-02,1.212755e-01,2.396534e-01,3.655890e-02,9.237081e-03,3.422539e-02,2.624242e-02	0.08278	0.719517	0.252322	-163375.388111	6	10	no_deam	FS	1	ngsrelateWithRealFreq	0.0059324493255315785
childA	childB	99408	0.265949	0.490495	0.243524	0.0	1.5e-05	1e-05	6e-06	0.0	0.0	0.488788	1.6e-05	1.5e-05	0.244397	3e-06	8e-06	0.243524	0.0	0.243525	0.488798	5e-06	-161655.129764	58	-1	0.99997	4.002498e-01,1.217649e-01,9.199967e-03,1.232471e-01,2.401663e-01,3.413215e-02,1.085461e-02,3.478580e-02,2.559935e-02	0.083503	0.719094	0.251878	-164398.291513	6	8	deam	FS	1	ngsrelateWithRealFreq	0.011352741254868794
childE	childF	99410	0.257431	0.500528	0.242037	0.0	3e-06	0.0	0.0	0.0	0.0	0.492304	1e-06	4e-06	0.246153	1e-06	2e-06	0.242038	0.0	0.242038	0.492305	-0.0	-161874.295641	162	-1	0.99999	3.996022e-01,1.215455e-01,1.051059e-02,1.215437e-01,2.408984e-01,3.656175e-02,9.180519e-03,3.410983e-02,2.604754e-02	0.08174	0.722438	0.253302	-164722.025312	6	8	deam	FS	1	ngsrelateWithRealFreq	0.006295710550313874
childA	childB	99395	0.267823	0.491991	0.240184	0.0	1e-06	0.0	0.0	0.0	0.0	0.486181	1e-06	2e-06	0.24309	0.0	1e-06	0.240184	0.0	0.240184	0.486181	-0.0	-165484.214896	50	-1	0.999909	3.961729e-01,1.227726e-01,8.944413e-03,1.244204e-01,2.426830e-01,3.433974e-02,1.088690e-02,3.472668e-02,2.505344e-02	0.081717	0.722076	0.253261	-168162.525995	7	4	deam	FS	1	ngsrelateWithRealFreq	0.012624807140441114
childE	childF	99393	0.257477	0.503295	0.239224	0.0	3e-06	0.0	0.0	0.0	0.0	0.490874	0.0	3e-06	0.245438	0.0	2e-06	0.239225	0.0	0.239225	0.490875	-0.0	-165682.683729	50	-1	0.999889	3.955102e-01,1.225584e-01,1.036821e-02,1.225994e-01,2.433269e-01,3.640574e-02,8.984344e-03,3.430051e-02,2.594635e-02	0.079533	0.72588	0.254975	-168524.062315	7	4	deam	FS	1	ngsrelateWithRealFreq	0.00780778948657473
childA	childB	89590	0.274352	0.499407	0.226236	0.0	3e-06	0.0	2e-06	0.0	0.0	0.475943	3e-06	3e-06	0.237972	1e-06	2e-06	0.226236	0.0	0.226236	0.475945	0.0	-144637.676402	59	-1	0.904566	3.919711e-01,1.268044e-01,8.791828e-03,1.273333e-01,2.416645e-01,3.415573e-02,1.027959e-02,3.386982e-02,2.512981e-02	0.078917	0.708206	0.252667	-146478.088306	18	1	deam	FS	1	ngsrelateWithRealFreq	0.019647724626531183
childE	childF	89729	0.269783	0.498177	0.231973	3.4e-05	2.8e-05	4e-06	0.0	1e-06	0.0	0.481083	5e-06	6.3e-05	0.240545	0.0	1.4e-05	0.231974	0.0	0.231974	0.48111	-1.5e-05	-144746.158507	42	-1	0.905969	3.926932e-01,1.248583e-01,1.009339e-02,1.237350e-01,2.446393e-01,3.702822e-02,9.127795e-03,3.287227e-02,2.495264e-02	0.07857	0.724396	0.255266	-146765.963293	18	1	deam	FS	1	ngsrelateWithRealFreq	0.015488308999586316
childA	childB	99408	0.266835	0.488142	0.245002	1e-06	5e-06	1.5e-05	1e-06	0.0	0.0	0.489077	1.6e-05	5e-06	0.244539	0.0	2e-06	0.245002	0.0	0.245002	0.489086	7e-06	-160451.113426	58	-1	1.0	4.017778e-01,1.212455e-01,9.216524e-03,1.228215e-01,2.390607e-01,3.412317e-02,1.108562e-02,3.489694e-02,2.577231e-02	0.084925	0.717062	0.250827	-163199.989933	5	20	deam	FS	1	ngsrelateWithRealFreq	0.012233960833134393
childE	childF	99407	0.256708	0.500966	0.242298	1e-06	2.6e-05	0.0	1e-06	0.0	0.0	0.492801	1e-06	2.7e-05	0.246404	1e-06	1.3e-05	0.242298	0.0	0.242298	0.492809	-1e-06	-160544.268391	63	-1	0.99999	4.011019e-01,1.213201e-01,1.066585e-02,1.212137e-01,2.397930e-01,3.656626e-02,9.134147e-03,3.412235e-02,2.608276e-02	0.082571	0.720051	0.252511	-163368.17422	5	20	deam	FS	1	ngsrelateWithRealFreq	0.005923152989188549
childA	childB	98506	0.276203	0.484395	0.239399	0.0	0.0	1e-06	0.0	1e-06	0.0	0.481597	2e-06	3e-06	0.240799	0.0	0.0	0.2394	0.0	0.239401	0.481599	0.0	-167093.831061	46	-1	0.992254	3.935937e-01,1.241387e-01,8.915926e-03,1.248262e-01,2.439256e-01,3.426927e-02,1.119167e-02,3.413137e-02,2.500759e-02	0.082433	0.7228	0.252988	-169509.978254	14	2	deam	FS	1	ngsrelateWithRealFreq	0.018641302127265665
childE	childF	98585	0.265005	0.497517	0.237476	0.0	0.0	0.0	0.0	1e-06	0.0	0.486235	1e-06	1e-06	0.243117	0.0	0.0	0.237478	0.0	0.237478	0.486236	0.0	-167670.405581	78	-1	0.99305	3.926051e-01,1.237715e-01,1.042372e-02,1.235900e-01,2.441436e-01,3.648122e-02,9.064328e-03,3.378077e-02,2.613980e-02	0.079822	0.724222	0.254578	-170234.386404	11	2	deam	FS	1	ngsrelateWithRealFreq	0.011374912307354285
childA	childB	99409	0.266465	0.488959	0.244525	0.0	4.1e-05	0.0	1e-05	0.0	0.0	0.489043	1e-05	4.1e-05	0.244528	5e-06	2e-05	0.244525	0.0	0.244525	0.489056	0.0	-161139.478204	82	-1	0.99997	4.010919e-01,1.216138e-01,9.166730e-03,1.229288e-01,2.396891e-01,3.412454e-02,1.099978e-02,3.474305e-02,2.564222e-02	0.084136	0.718542	0.251462	-163876.607474	5	10	deam	FS	1	ngsrelateWithRealFreq	0.011873998638481771
childE	childF	99412	0.257198	0.500472	0.242293	0.0	3.1e-05	0.0	3e-06	3e-06	0.0	0.492554	5e-06	3.4e-05	0.246281	1e-06	1.6e-05	0.242296	0.0	0.242296	0.492566	0.0	-161209.215438	62	-1	1.0	4.001653e-01,1.214108e-01,1.053272e-02,1.214082e-01,2.404802e-01,3.632978e-02,9.214817e-03,3.436721e-02,2.609100e-02	0.082117	0.721592	0.252978	-164050.804989	5	10	deam	FS	1	ngsrelateWithRealFreq	0.006094583305416913
