a	b	nSites	J9	J8	J7	J6	J5	J4	J3	J2	J1	rab	Fa	Fb	theta	inbred_relatedness_1_2	inbred_relatedness_2_1	fraternity	identity	zygosity	2of3_IDB	FDiff	loglh	nIter	bestoptimll	coverage	2dsfs	R0	R1	KING	2dsfs_loglike	2dsfsf_niter	cov	deamination	kinship	degree	program
childD	childG	99379	0.905078	0.094868	0.000052	0.000000	0.000000	0.000000	0.000000	0.000000	0.000001	0.047488	0.000001	0.000001	0.023744	0.000001	0.000001	0.000052	0.000001	0.000053	0.047488	-0.000000	-174306.512402	62	-1	0.999980	2.979175e-01,1.877670e-01,3.640368e-02,1.876132e-01,1.675326e-01,4.029732e-02,3.490104e-02,3.808790e-02,9.479795e-03	0.425617	0.319067	0.031595	-181133.412854	6	8	no_deam	HC	4	ngsrelateWithRealFreq
childE	childG	99380	0.927409	0.072475	0.000109	0.000002	0.000004	0.000000	0.000000	0.000000	0.000001	0.036350	0.000001	0.000008	0.018176	0.000001	0.000003	0.000109	0.000001	0.000110	0.036353	-0.000001	-173878.117972	86	-1	0.999990	2.985161e-01,1.947321e-01,3.981876e-02,1.894062e-01,1.679251e-01,3.987760e-02,3.250391e-02,3.073846e-02,6.481741e-03	0.430684	0.318597	0.029446	-178980.121543	6	8	no_deam	HC	4	ngsrelateWithRealFreq
childF	childG	99379	0.935444	0.064318	0.000230	0.000002	0.000000	0.000004	0.000000	0.000000	0.000001	0.032391	0.000006	0.000003	0.016196	0.000001	0.000001	0.000230	0.000001	0.000231	0.032394	0.000001	-173804.098957	74	-1	0.999980	2.982050e-01,1.937828e-01,3.964338e-02,1.887136e-01,1.669980e-01,3.930615e-02,3.353448e-02,3.258141e-02,7.235255e-03	0.438196	0.316547	0.026183	-179627.877815	6	8	no_deam	HC	4	ngsrelateWithRealFreq
childD	childG	98875	0.912373	0.087481	0.000119	0.000026	0.000000	0.000000	0.000000	0.000000	0.000000	0.043860	0.000001	0.000027	0.021930	0.000000	0.000000	0.000119	0.000000	0.000120	0.043873	-0.000013	-171137.278954	54	-1	0.996282	2.968036e-01,1.883897e-01,3.663176e-02,1.881778e-01,1.677124e-01,4.055820e-02,3.521577e-02,3.725176e-02,9.259066e-03	0.428397	0.318708	0.030409	-177572.876786	10	4	no_deam	HC	4	ngsrelateWithRealFreq
childE	childG	98873	0.928800	0.070388	0.000804	0.000000	0.000000	0.000003	0.000000	0.000000	0.000004	0.036003	0.000007	0.000004	0.018004	0.000005	0.000004	0.000804	0.000004	0.000809	0.036005	0.000001	-170726.556315	102	-1	0.996262	2.983891e-01,1.950935e-01,3.987911e-02,1.894445e-01,1.678732e-01,3.994735e-02,3.244688e-02,3.039161e-02,6.534741e-03	0.430837	0.318422	0.029371	-175538.948102	10	4	no_deam	HC	4	ngsrelateWithRealFreq
childF	childG	98889	0.935630	0.063773	0.000593	0.000000	0.000000	0.000002	0.000001	0.000000	0.000002	0.032482	0.000004	0.000002	0.016242	0.000002	0.000002	0.000593	0.000002	0.000595	0.032483	0.000001	-170668.277096	86	-1	0.996423	2.979188e-01,1.939535e-01,3.991169e-02,1.889498e-01,1.670409e-01,3.939521e-02,3.332052e-02,3.236972e-02,7.140004e-03	0.438409	0.316425	0.026087	-176097.712963	10	4	no_deam	HC	4	ngsrelateWithRealFreq
childD	childG	68450	0.929347	0.054441	0.016212	0.000000	0.000000	0.000000	0.000000	0.000000	0.000000	0.043433	0.000000	0.000000	0.021716	0.000000	0.000000	0.016212	0.000000	0.016212	0.043433	-0.000000	-101476.347771	142	-1	0.696664	2.922190e-01,1.918831e-01,3.549671e-02,1.889792e-01,1.732890e-01,3.906636e-02,3.541709e-02,3.490494e-02,8.744668e-03	0.409223	0.329605	0.039257	-104372.827286	34	1	no_deam	HC	4	ngsrelateWithRealFreq
childE	childG	68406	0.947488	0.047510	0.004999	0.000000	0.000000	0.000000	0.000000	0.000000	0.000002	0.028757	0.000002	0.000002	0.014380	0.000002	0.000002	0.004999	0.000002	0.005002	0.028757	0.000000	-101262.444789	106	-1	0.696216	2.926050e-01,1.988856e-01,3.953942e-02,1.921955e-01,1.714774e-01,3.846969e-02,3.235359e-02,2.881533e-02,5.658455e-03	0.419256	0.323384	0.034557	-103402.825105	38	1	no_deam	HC	4	ngsrelateWithRealFreq
childF	childG	66565	0.962417	0.037414	0.000140	0.000024	0.000001	0.000000	0.000000	0.000000	0.000003	0.018852	0.000003	0.000029	0.009428	0.000003	0.000004	0.000140	0.000003	0.000143	0.018864	-0.000012	-98540.812506	98	-1	0.677479	2.840246e-01,1.936902e-01,3.641402e-02,2.051883e-01,1.781362e-01,4.186206e-02,2.919109e-02,2.649729e-02,4.996282e-03	0.368286	0.334313	0.056983	-101009.056339	34	1	no_deam	HC	4	ngsrelateWithRealFreq
childD	childG	99408	0.905141	0.094729	0.000129	0.000000	0.000000	0.000000	0.000000	0.000000	0.000001	0.047494	0.000001	0.000001	0.023748	0.000001	0.000001	0.000129	0.000001	0.000130	0.047494	-0.000000	-174417.927169	70	-1	1.000000	2.978143e-01,1.882043e-01,3.638525e-02,1.876695e-01,1.676437e-01,4.027769e-02,3.478587e-02,3.781378e-02,9.405664e-03	0.424538	0.319238	0.032057	-181217.105488	5	20	no_deam	HC	4	ngsrelateWithRealFreq
childE	childG	99408	0.927469	0.072216	0.000273	0.000040	0.000002	0.000000	0.000000	0.000000	0.000000	0.036383	0.000000	0.000042	0.018192	0.000000	0.000001	0.000273	0.000000	0.000273	0.036403	-0.000020	-173972.190980	62	-1	1.000000	2.983962e-01,1.948245e-01,3.972419e-02,1.894817e-01,1.681962e-01,3.986597e-02,3.239171e-02,3.064123e-02,6.478329e-03	0.428761	0.319201	0.030288	-179102.831556	5	20	no_deam	HC	4	ngsrelateWithRealFreq
childF	childG	99408	0.934994	0.064389	0.000609	0.000004	0.000000	0.000001	0.000000	0.000000	0.000003	0.032806	0.000004	0.000007	0.016405	0.000003	0.000003	0.000609	0.000003	0.000611	0.032809	-0.000001	-173890.633707	66	-1	1.000000	2.983155e-01,1.937573e-01,3.956405e-02,1.885462e-01,1.672813e-01,3.934126e-02,3.340790e-02,3.262310e-02,7.163268e-03	0.436223	0.317277	0.027049	-179747.752916	5	20	no_deam	HC	4	ngsrelateWithRealFreq
childD	childG	92033	0.915687	0.082345	0.001967	0.000000	0.000000	0.000001	0.000000	0.000000	0.000001	0.043140	0.000001	0.000001	0.021571	0.000001	0.000001	0.001967	0.000001	0.001968	0.043141	0.000000	-150074.946051	66	-1	0.930557	2.954484e-01,1.892359e-01,3.662030e-02,1.881440e-01,1.690149e-01,3.989139e-02,3.593384e-02,3.654461e-02,9.166745e-03	0.429277	0.321095	0.030191	-155101.205619	14	2	no_deam	HC	4	ngsrelateWithRealFreq
childE	childG	91962	0.929257	0.068823	0.001910	0.000001	0.000005	0.000001	0.000001	0.000000	0.000002	0.036327	0.000003	0.000008	0.018165	0.000002	0.000004	0.001910	0.000002	0.001911	0.036330	-0.000000	-149636.844388	94	-1	0.929839	2.969763e-01,1.938143e-01,4.010775e-02,1.907733e-01,1.690917e-01,3.947597e-02,3.188244e-02,3.156148e-02,6.316699e-03	0.425746	0.320483	0.031634	-153445.764040	18	2	no_deam	HC	4	ngsrelateWithRealFreq
childF	childG	91963	0.925568	0.072914	0.001504	0.000007	0.000000	0.000001	0.000000	0.000000	0.000006	0.037967	0.000007	0.000013	0.018986	0.000006	0.000006	0.001504	0.000006	0.001509	0.037971	-0.000003	-149416.517567	70	-1	0.929849	2.972216e-01,1.935854e-01,3.906046e-02,1.892162e-01,1.682422e-01,3.937075e-02,3.302448e-02,3.286649e-02,7.412328e-03	0.428459	0.319170	0.030413	-153757.672635	14	2	no_deam	HC	4	ngsrelateWithRealFreq
childD	childG	99398	0.905590	0.094204	0.000123	0.000050	0.000003	0.000030	0.000000	0.000000	0.000000	0.047227	0.000030	0.000053	0.023614	0.000000	0.000002	0.000123	0.000000	0.000123	0.047268	-0.000010	-174406.074356	54	-1	1.000000	2.977833e-01,1.881777e-01,3.631628e-02,1.874087e-01,1.675242e-01,4.045714e-02,3.500092e-02,3.789524e-02,9.436529e-03	0.425713	0.318938	0.031546	-181234.248632	5	10	no_deam	HC	4	ngsrelateWithRealFreq
childE	childG	99398	0.927292	0.072452	0.000177	0.000075	0.000001	0.000000	0.000000	0.000000	0.000003	0.036407	0.000003	0.000079	0.018205	0.000003	0.000004	0.000177	0.000003	0.000180	0.036445	-0.000037	-173934.444239	50	-1	1.000000	2.984953e-01,1.946098e-01,3.964832e-02,1.891623e-01,1.681559e-01,4.013480e-02,3.253508e-02,3.083045e-02,6.428071e-03	0.429265	0.319129	0.030073	-179103.871905	6	10	no_deam	HC	4	ngsrelateWithRealFreq
childF	childG	99398	0.935276	0.064095	0.000628	0.000000	0.000000	0.000000	0.000000	0.000000	0.000001	0.032677	0.000001	0.000001	0.016339	0.000001	0.000001	0.000628	0.000001	0.000629	0.032677	0.000000	-173840.329006	82	-1	1.000000	2.982651e-01,1.938130e-01,3.969290e-02,1.886023e-01,1.672292e-01,3.928014e-02,3.332758e-02,3.255276e-02,7.236924e-03	0.436649	0.317161	0.026865	-179691.348396	5	10	no_deam	HC	4	ngsrelateWithRealFreq
childD	childG	99414	0.905577	0.094314	0.000107	0.000000	0.000000	0.000001	0.000000	0.000000	0.000001	0.047264	0.000002	0.000001	0.023633	0.000001	0.000001	0.000107	0.000001	0.000107	0.047265	0.000001	-175514.933024	58	-1	0.999950	2.963845e-01,1.886695e-01,3.597332e-02,1.878920e-01,1.690574e-01,4.020759e-02,3.476868e-02,3.767884e-02,9.368205e-03	0.418450	0.321898	0.034790	-182288.511800	6	8	deam	HC	4	ngsrelateWithRealFreq
childE	childG	99417	0.927471	0.072258	0.000260	0.000001	0.000002	0.000006	0.000001	0.000001	0.000001	0.036392	0.000009	0.000004	0.018197	0.000002	0.000002	0.000260	0.000001	0.000262	0.036397	0.000003	-175194.141161	66	-1	0.999980	2.968619e-01,1.952258e-01,3.913079e-02,1.898317e-01,1.694979e-01,3.992416e-02,3.233841e-02,3.069052e-02,6.498717e-03	0.421653	0.321542	0.033422	-180364.491653	6	8	deam	HC	4	ngsrelateWithRealFreq
childF	childG	99415	0.935100	0.064858	0.000024	0.000016	0.000000	0.000000	0.000000	0.000000	0.000002	0.032455	0.000002	0.000018	0.016229	0.000002	0.000002	0.000024	0.000002	0.000026	0.032463	-0.000008	-175078.951395	66	-1	0.999960	2.967032e-01,1.943900e-01,3.913576e-02,1.890221e-01,1.685088e-01,3.922539e-02,3.329368e-02,3.252736e-02,7.193746e-03	0.429826	0.319391	0.029854	-180924.154911	6	8	deam	HC	4	ngsrelateWithRealFreq
childD	childG	99404	0.904182	0.095796	0.000008	0.000003	0.000000	0.000000	0.000000	0.000009	0.000001	0.047907	0.000011	0.000014	0.023954	0.000001	0.000001	0.000017	0.000001	0.000018	0.047918	-0.000002	-179097.620772	74	-1	0.999909	2.932221e-01,1.891831e-01,3.535556e-02,1.886424e-01,1.722083e-01,4.036144e-02,3.431457e-02,3.760799e-02,9.104539e-03	0.404569	0.327726	0.041074	-185713.160762	7	4	deam	HC	4	ngsrelateWithRealFreq
childE	childG	99404	0.923480	0.075934	0.000586	0.000000	0.000000	0.000000	0.000000	0.000000	0.000000	0.038553	0.000000	0.000001	0.019277	0.000000	0.000000	0.000586	0.000000	0.000586	0.038553	-0.000000	-178704.858763	86	-1	0.999909	2.941747e-01,1.954047e-01,3.859950e-02,1.902875e-01,1.727324e-01,3.976396e-02,3.171011e-02,3.087291e-02,6.454230e-03	0.407044	0.327990	0.040052	-183774.368755	7	4	deam	HC	4	ngsrelateWithRealFreq
childF	childG	99405	0.934624	0.065139	0.000234	0.000001	0.000000	0.000000	0.000000	0.000000	0.000002	0.032806	0.000002	0.000003	0.016404	0.000002	0.000002	0.000234	0.000002	0.000236	0.032806	-0.000000	-178722.271131	54	-1	0.999920	2.934315e-01,1.946431e-01,3.869997e-02,1.899498e-01,1.716779e-01,3.902180e-02,3.281171e-02,3.268882e-02,7.075389e-03	0.416546	0.325261	0.035833	-184451.358342	9	4	deam	HC	4	ngsrelateWithRealFreq
childD	childG	89494	0.907397	0.092483	0.000119	0.000000	0.000000	0.000000	0.000000	0.000000	0.000000	0.046361	0.000001	0.000000	0.023181	0.000000	0.000000	0.000119	0.000000	0.000120	0.046361	0.000000	-152238.718287	90	-1	0.903341	2.918533e-01,1.922014e-01,3.609689e-02,1.893799e-01,1.709749e-01,4.029052e-02,3.334726e-02,3.697612e-02,8.879711e-03	0.406166	0.323637	0.040068	-156889.935371	18	1	deam	HC	4	ngsrelateWithRealFreq
childE	childG	89452	0.935141	0.064207	0.000635	0.000011	0.000005	0.000000	0.000000	0.000000	0.000000	0.032743	0.000000	0.000017	0.016372	0.000000	0.000003	0.000635	0.000000	0.000635	0.032750	-0.000005	-151673.354627	74	-1	0.902917	2.909992e-01,1.968168e-01,3.815286e-02,1.921602e-01,1.739341e-01,4.087980e-02,3.185240e-02,2.935305e-02,5.851586e-03	0.402482	0.328664	0.042033	-155261.912108	18	1	deam	HC	4	ngsrelateWithRealFreq
childF	childG	89371	0.943394	0.056465	0.000137	0.000001	0.000000	0.000000	0.000000	0.000000	0.000003	0.028373	0.000003	0.000004	0.014188	0.000003	0.000003	0.000137	0.000003	0.000140	0.028373	-0.000000	-151576.838238	50	-1	0.902100	2.908732e-01,1.968327e-01,3.849817e-02,1.903206e-01,1.713751e-01,3.941572e-02,3.370923e-02,3.201693e-02,6.958392e-03	0.421341	0.322866	0.033644	-155655.561784	22	1	deam	HC	4	ngsrelateWithRealFreq
childD	childG	99410	0.904855	0.095024	0.000118	0.000000	0.000000	0.000000	0.000000	0.000002	0.000001	0.047631	0.000003	0.000003	0.023816	0.000001	0.000001	0.000120	0.000001	0.000121	0.047633	-0.000000	-174461.396826	58	-1	1.000000	2.976675e-01,1.881224e-01,3.638273e-02,1.876329e-01,1.676775e-01,4.033346e-02,3.477565e-02,3.791055e-02,9.497282e-03	0.424376	0.319290	0.032129	-181302.121965	5	20	deam	HC	4	ngsrelateWithRealFreq
childE	childG	99410	0.927142	0.072639	0.000161	0.000050	0.000007	0.000000	0.000000	0.000000	0.000000	0.036486	0.000000	0.000057	0.018244	0.000000	0.000004	0.000161	0.000000	0.000161	0.036513	-0.000025	-174004.989764	74	-1	1.000000	2.984069e-01,1.948280e-01,3.977312e-02,1.893393e-01,1.682351e-01,3.999227e-02,3.232975e-02,3.064754e-02,6.448029e-03	0.428584	0.319286	0.030368	-179139.138188	5	20	deam	HC	4	ngsrelateWithRealFreq
childF	childG	99410	0.934248	0.065670	0.000052	0.000025	0.000000	0.000000	0.000000	0.000000	0.000004	0.032891	0.000004	0.000029	0.016447	0.000004	0.000004	0.000052	0.000004	0.000056	0.032904	-0.000013	-173929.098963	58	-1	1.000000	2.981924e-01,1.937200e-01,3.950193e-02,1.884204e-01,1.673277e-01,3.949891e-02,3.346335e-02,3.266275e-02,7.212553e-03	0.436062	0.317349	0.027121	-179825.328887	5	20	deam	HC	4	ngsrelateWithRealFreq
childD	childG	98604	0.914101	0.085690	0.000208	0.000000	0.000000	0.000000	0.000000	0.000000	0.000001	0.043054	0.000001	0.000001	0.021527	0.000001	0.000001	0.000208	0.000001	0.000209	0.043054	0.000000	-178823.537308	86	-1	0.993281	2.903301e-01,1.898211e-01,3.554736e-02,1.901860e-01,1.733939e-01,3.999938e-02,3.430590e-02,3.741166e-02,9.004661e-03	0.402859	0.328851	0.041889	-185042.925326	10	2	deam	HC	4	ngsrelateWithRealFreq
childE	childG	98616	0.930035	0.068577	0.001386	0.000000	0.000000	0.000000	0.000000	0.000000	0.000002	0.035677	0.000002	0.000002	0.017840	0.000002	0.000002	0.001386	0.000002	0.001389	0.035677	-0.000000	-178309.550453	106	-1	0.993402	2.926494e-01,1.960193e-01,3.873703e-02,1.906726e-01,1.734517e-01,3.968504e-02,3.172076e-02,3.086604e-02,6.198174e-03	0.406210	0.328693	0.040460	-182976.770050	11	2	deam	HC	4	ngsrelateWithRealFreq
childF	childG	98606	0.934734	0.063073	0.002189	0.000000	0.000000	0.000000	0.000000	0.000000	0.000004	0.033729	0.000004	0.000004	0.016867	0.000004	0.000004	0.002189	0.000004	0.002193	0.033729	-0.000000	-178568.421981	66	-1	0.993301	2.923439e-01,1.945991e-01,3.868709e-02,1.901489e-01,1.730507e-01,3.884495e-02,3.250303e-02,3.284693e-02,6.975278e-03	0.411383	0.327977	0.038217	-183847.844796	11	2	deam	HC	4	ngsrelateWithRealFreq
childD	childG	99408	0.904804	0.095124	0.000067	0.000000	0.000000	0.000001	0.000002	0.000001	0.000001	0.047631	0.000005	0.000003	0.023817	0.000002	0.000001	0.000068	0.000001	0.000069	0.047633	0.000000	-174957.787859	70	-1	0.999980	2.968084e-01,1.886168e-01,3.613036e-02,1.878794e-01,1.684052e-01,4.028189e-02,3.469068e-02,3.765780e-02,9.529504e-03	0.420540	0.320615	0.033824	-181765.371805	5	10	deam	HC	4	ngsrelateWithRealFreq
childE	childG	99409	0.926580	0.073135	0.000273	0.000010	0.000000	0.000000	0.000000	0.000000	0.000001	0.036842	0.000001	0.000012	0.018422	0.000001	0.000001	0.000273	0.000001	0.000274	0.036847	-0.000005	-174573.314772	66	-1	0.999990	2.975223e-01,1.949160e-01,3.937466e-02,1.894327e-01,1.689117e-01,4.004408e-02,3.242129e-02,3.085355e-02,6.523683e-03	0.425050	0.320490	0.031926	-179758.763573	5	10	deam	HC	4	ngsrelateWithRealFreq
childF	childG	99409	0.934745	0.064638	0.000616	0.000000	0.000000	0.000000	0.000000	0.000000	0.000001	0.032936	0.000001	0.000001	0.016468	0.000001	0.000001	0.000616	0.000001	0.000617	0.032936	-0.000000	-174532.490052	62	-1	0.999990	2.974779e-01,1.940908e-01,3.930067e-02,1.884991e-01,1.680834e-01,3.943756e-02,3.339948e-02,3.250703e-02,7.204107e-03	0.432524	0.318802	0.028687	-180403.302601	5	10	deam	HC	4	ngsrelateWithRealFreq
childD	childG	99378	0.905696	0.094130	0.000147	0.000008	0.000002	0.000010	0.000001	0.000001	0.000006	0.047220	0.000018	0.000016	0.023613	0.000006	0.000007	0.000148	0.000006	0.000154	0.047230	0.000001	-174282.564190	50	-1	0.999970	2.979797e-01,1.880449e-01,3.642124e-02,1.873249e-01,1.675723e-01,4.061955e-02,3.490435e-02,3.782601e-02,9.307092e-03	0.425641	0.319100	0.031587	-181082.506344	6	8	no_deam	HC	4	ngsrelateWithRealFreq
childE	childG	99379	0.927154	0.072724	0.000121	0.000001	0.000000	0.000000	0.000000	0.000000	0.000001	0.036483	0.000001	0.000001	0.018242	0.000001	0.000001	0.000121	0.000001	0.000122	0.036484	-0.000000	-173865.740320	66	-1	0.999980	2.982447e-01,1.945927e-01,3.970687e-02,1.894834e-01,1.679002e-01,4.000181e-02,3.248272e-02,3.095008e-02,6.637408e-03	0.429955	0.318465	0.029742	-179060.658068	6	8	no_deam	HC	4	ngsrelateWithRealFreq
childF	childG	99380	0.934181	0.065695	0.000050	0.000073	0.000000	0.000000	0.000000	0.000000	0.000001	0.032899	0.000001	0.000074	0.016450	0.000001	0.000001	0.000050	0.000001	0.000051	0.032935	-0.000036	-173768.701548	62	-1	0.999990	2.982678e-01,1.936530e-01,3.971886e-02,1.885327e-01,1.672113e-01,3.933394e-02,3.339848e-02,3.258614e-02,7.297904e-03	0.437275	0.317155	0.026602	-179623.575477	6	8	no_deam	HC	4	ngsrelateWithRealFreq
childD	childG	98855	0.907424	0.092480	0.000087	0.000001	0.000006	0.000000	0.000000	0.000001	0.000001	0.046332	0.000002	0.000009	0.023167	0.000001	0.000004	0.000088	0.000001	0.000089	0.046336	-0.000001	-171139.727406	82	-1	0.996060	2.981405e-01,1.884656e-01,3.642696e-02,1.877676e-01,1.668336e-01,4.063395e-02,3.525962e-02,3.726569e-02,9.206446e-03	0.429689	0.317283	0.029780	-177474.719880	10	4	no_deam	HC	4	ngsrelateWithRealFreq
childE	childG	98881	0.926241	0.073607	0.000108	0.000032	0.000008	0.000000	0.000000	0.000000	0.000003	0.036921	0.000003	0.000043	0.018463	0.000003	0.000007	0.000108	0.000003	0.000111	0.036939	-0.000016	-170708.110629	66	-1	0.996322	2.987312e-01,1.945054e-01,3.953339e-02,1.900042e-01,1.671753e-01,4.040630e-02,3.242933e-02,3.088257e-02,6.332330e-03	0.430463	0.316763	0.029425	-175528.358173	10	4	no_deam	HC	4	ngsrelateWithRealFreq
childF	childG	98885	0.931981	0.067386	0.000629	0.000003	0.000000	0.000000	0.000000	0.000000	0.000001	0.034323	0.000001	0.000004	0.017162	0.000001	0.000001	0.000629	0.000001	0.000630	0.034325	-0.000001	-170736.658701	78	-1	0.996363	2.986007e-01,1.929048e-01,3.962267e-02,1.892012e-01,1.666871e-01,3.949464e-02,3.350761e-02,3.281435e-02,7.166970e-03	0.438728	0.315967	0.025929	-176164.941117	10	4	no_deam	HC	4	ngsrelateWithRealFreq
childD	childG	68324	0.909396	0.089852	0.000712	0.000014	0.000000	0.000013	0.000001	0.000000	0.000013	0.045651	0.000026	0.000027	0.022832	0.000013	0.000013	0.000712	0.000013	0.000725	0.045665	-0.000001	-101388.544843	66	-1	0.694455	2.946513e-01,1.899907e-01,3.710617e-02,1.915372e-01,1.680091e-01,3.855131e-02,3.422183e-02,3.750732e-02,8.425093e-03	0.424548	0.317649	0.031947	-104229.029413	26	1	no_deam	HC	4	ngsrelateWithRealFreq
childE	childG	68432	0.937431	0.062501	0.000001	0.000065	0.000000	0.000000	0.000000	0.000000	0.000002	0.031253	0.000002	0.000067	0.015628	0.000002	0.000002	0.000001	0.000002	0.000003	0.031286	-0.000032	-101289.661659	82	-1	0.695553	2.965340e-01,1.953545e-01,4.021014e-02,1.916391e-01,1.686056e-01,3.910753e-02,3.215308e-02,3.124014e-02,5.155941e-03	0.429186	0.318301	0.030054	-103496.777663	30	1	no_deam	HC	4	ngsrelateWithRealFreq
childF	childG	68549	0.947179	0.052707	0.000108	0.000000	0.000004	0.000000	0.000000	0.000000	0.000001	0.026466	0.000001	0.000006	0.013234	0.000001	0.000003	0.000108	0.000001	0.000110	0.026467	-0.000000	-101238.910639	90	-1	0.696742	2.949300e-01,1.966691e-01,3.796532e-02,1.921517e-01,1.677405e-01,4.053336e-02,3.345917e-02,3.108627e-02,5.464524e-03	0.425803	0.315382	0.031274	-103749.820125	30	1	no_deam	HC	4	ngsrelateWithRealFreq
childD	childG	99408	0.904797	0.095140	0.000061	0.000000	0.000000	0.000000	0.000000	0.000000	0.000000	0.047632	0.000001	0.000001	0.023816	0.000000	0.000000	0.000061	0.000000	0.000062	0.047632	-0.000000	-174429.993552	62	-1	1.000000	2.977021e-01,1.882345e-01,3.634518e-02,1.875909e-01,1.676385e-01,4.035798e-02,3.482603e-02,3.777838e-02,9.526382e-03	0.424552	0.319231	0.032051	-181264.549575	5	20	no_deam	HC	4	ngsrelateWithRealFreq
childE	childG	99408	0.927230	0.072449	0.000319	0.000000	0.000000	0.000000	0.000000	0.000000	0.000001	0.036545	0.000002	0.000001	0.018273	0.000001	0.000001	0.000319	0.000001	0.000320	0.036545	0.000000	-173983.943075	66	-1	1.000000	2.984167e-01,1.948010e-01,3.975523e-02,1.893436e-01,1.681890e-01,4.000605e-02,3.235888e-02,3.066135e-02,6.468271e-03	0.428768	0.319189	0.030284	-179122.694529	5	20	no_deam	HC	4	ngsrelateWithRealFreq
childF	childG	99408	0.934784	0.064464	0.000703	0.000049	0.000001	0.000000	0.000000	0.000000	0.000000	0.032935	0.000000	0.000050	0.016468	0.000000	0.000001	0.000703	0.000000	0.000703	0.032960	-0.000024	-173904.158617	58	-1	1.000000	2.981652e-01,1.937829e-01,3.954298e-02,1.885261e-01,1.672756e-01,3.938322e-02,3.342783e-02,3.259295e-02,7.303215e-03	0.436231	0.317257	0.027045	-179800.039833	5	20	no_deam	HC	4	ngsrelateWithRealFreq
childD	childG	91922	0.913249	0.086542	0.000008	0.000188	0.000004	0.000008	0.000000	0.000000	0.000002	0.043283	0.000009	0.000193	0.021643	0.000002	0.000004	0.000008	0.000002	0.000010	0.043382	-0.000090	-149965.140201	58	-1	0.929284	2.954967e-01,1.884274e-01,3.698546e-02,1.886562e-01,1.677372e-01,4.153768e-02,3.520811e-02,3.735139e-02,8.599803e-03	0.430397	0.317584	0.029503	-154964.019408	17	2	no_deam	HC	4	ngsrelateWithRealFreq
childE	childG	91890	0.930023	0.066690	0.003121	0.000158	0.000006	0.000000	0.000000	0.000000	0.000001	0.036472	0.000001	0.000165	0.018237	0.000001	0.000004	0.003121	0.000001	0.003122	0.036553	-0.000079	-149553.376731	54	-1	0.928961	2.952555e-01,1.946313e-01,4.060189e-02,1.917620e-01,1.696937e-01,3.954506e-02,3.159217e-02,3.016357e-02,6.754737e-03	0.425437	0.321210	0.031811	-153299.444780	18	2	no_deam	HC	4	ngsrelateWithRealFreq
childF	childG	92049	0.945277	0.054356	0.000333	0.000005	0.000004	0.000009	0.000008	0.000002	0.000005	0.027525	0.000024	0.000017	0.013767	0.000009	0.000007	0.000334	0.000005	0.000339	0.027537	0.000002	-149980.213659	66	-1	0.930568	2.950001e-01,1.958372e-01,4.071932e-02,1.890045e-01,1.657327e-01,3.914050e-02,3.440440e-02,3.327113e-02,6.890070e-03	0.453282	0.311307	0.019633	-154215.800591	18	2	no_deam	HC	4	ngsrelateWithRealFreq
childD	childG	99395	0.904874	0.095017	0.000051	0.000050	0.000000	0.000007	0.000000	0.000000	0.000001	0.047560	0.000008	0.000051	0.023780	0.000001	0.000001	0.000051	0.000001	0.000051	0.047589	-0.000021	-174425.930725	58	-1	1.000000	2.977289e-01,1.880897e-01,3.630226e-02,1.874111e-01,1.675975e-01,4.043308e-02,3.497745e-02,3.795448e-02,9.505575e-03	0.425303	0.319131	0.031731	-181263.162346	6	10	no_deam	HC	4	ngsrelateWithRealFreq
childE	childG	99395	0.927118	0.072698	0.000172	0.000002	0.000002	0.000004	0.000002	0.000000	0.000003	0.036526	0.000008	0.000006	0.018265	0.000004	0.000003	0.000172	0.000003	0.000175	0.036530	0.000001	-173976.168073	70	-1	1.000000	2.984166e-01,1.946524e-01,3.974033e-02,1.892593e-01,1.681604e-01,4.006092e-02,3.244185e-02,3.082745e-02,6.440732e-03	0.429246	0.319101	0.030079	-179117.635153	6	10	no_deam	HC	4	ngsrelateWithRealFreq
childF	childG	99395	0.934734	0.064551	0.000711	0.000000	0.000000	0.000004	0.000000	0.000000	0.000000	0.032987	0.000004	0.000000	0.016494	0.000000	0.000000	0.000711	0.000000	0.000711	0.032989	0.000002	-173901.499395	78	-1	1.000000	2.981479e-01,1.937712e-01,3.963924e-02,1.885672e-01,1.672144e-01,3.927329e-02,3.339896e-02,3.265887e-02,7.328932e-03	0.436794	0.317109	0.026801	-179767.677288	5	10	no_deam	HC	4	ngsrelateWithRealFreq
childD	childG	99409	0.905207	0.094602	0.000165	0.000019	0.000000	0.000002	0.000000	0.000000	0.000004	0.047471	0.000007	0.000023	0.023738	0.000004	0.000005	0.000165	0.000004	0.000169	0.047481	-0.000008	-175691.397625	50	-1	0.999980	2.964245e-01,1.885340e-01,3.613674e-02,1.878984e-01,1.689817e-01,4.031150e-02,3.454184e-02,3.786780e-02,9.303417e-03	0.418262	0.321692	0.034854	-182472.432000	5	8	deam	HC	4	ngsrelateWithRealFreq
childE	childG	99410	0.927846	0.072051	0.000080	0.000019	0.000001	0.000000	0.000000	0.000000	0.000004	0.036110	0.000004	0.000024	0.018057	0.000004	0.000005	0.000080	0.000004	0.000084	0.036119	-0.000010	-175297.797525	70	-1	0.999990	2.968857e-01,1.952947e-01,3.938093e-02,1.897526e-01,1.694111e-01,3.996611e-02,3.221603e-02,3.068929e-02,6.403527e-03	0.422623	0.321280	0.032997	-180434.278706	6	8	deam	HC	4	ngsrelateWithRealFreq
childF	childG	99409	0.935237	0.063849	0.000911	0.000001	0.000000	0.000000	0.000000	0.000000	0.000001	0.032837	0.000001	0.000002	0.016419	0.000001	0.000001	0.000911	0.000001	0.000912	0.032838	-0.000000	-175190.167429	74	-1	0.999980	2.967281e-01,1.942681e-01,3.926679e-02,1.889065e-01,1.685165e-01,3.922147e-02,3.321275e-02,3.261713e-02,7.262656e-03	0.430104	0.319467	0.029742	-181043.179444	5	8	deam	HC	4	ngsrelateWithRealFreq
childD	childG	99397	0.907565	0.091988	0.000445	0.000001	0.000000	0.000001	0.000000	0.000000	0.000001	0.046440	0.000002	0.000001	0.023220	0.000001	0.000001	0.000445	0.000001	0.000446	0.046441	0.000000	-179083.287433	62	-1	0.999930	2.932200e-01,1.888882e-01,3.560965e-02,1.889019e-01,1.722189e-01,4.027202e-02,3.428323e-02,3.747305e-02,9.133024e-03	0.405837	0.327769	0.040543	-185741.343901	9	4	deam	HC	4	ngsrelateWithRealFreq
childE	childG	99398	0.927522	0.071797	0.000675	0.000003	0.000002	0.000000	0.000000	0.000000	0.000001	0.036575	0.000001	0.000006	0.018288	0.000001	0.000002	0.000675	0.000001	0.000676	0.036577	-0.000002	-178716.189790	78	-1	0.999940	2.938474e-01,1.953801e-01,3.887152e-02,1.906898e-01,1.722528e-01,3.979879e-02,3.184485e-02,3.096018e-02,6.354599e-03	0.410538	0.326518	0.038461	-183770.877306	7	4	deam	HC	4	ngsrelateWithRealFreq
childF	childG	99393	0.935926	0.063953	0.000118	0.000001	0.000000	0.000000	0.000000	0.000000	0.000002	0.032097	0.000002	0.000003	0.016050	0.000002	0.000002	0.000118	0.000002	0.000120	0.032097	-0.000000	-178616.907832	54	-1	0.999889	2.934925e-01,1.943150e-01,3.891818e-02,1.900105e-01,1.715822e-01,3.898282e-02,3.289173e-02,3.268447e-02,7.122683e-03	0.418516	0.325088	0.034990	-184369.210910	7	4	deam	HC	4	ngsrelateWithRealFreq
childD	childG	89690	0.913829	0.078481	0.007686	0.000000	0.000000	0.000001	0.000001	0.000000	0.000001	0.046928	0.000003	0.000002	0.023465	0.000001	0.000001	0.007687	0.000001	0.007688	0.046930	0.000000	-152613.807155	66	-1	0.905575	2.906531e-01,1.892600e-01,3.563625e-02,1.909686e-01,1.753676e-01,3.910183e-02,3.383409e-02,3.593735e-02,9.241213e-03	0.396141	0.334200	0.045194	-157323.249267	19	1	deam	HC	4	ngsrelateWithRealFreq
childE	childG	89719	0.932231	0.067610	0.000158	0.000000	0.000000	0.000000	0.000000	0.000000	0.000001	0.033964	0.000001	0.000001	0.016983	0.000001	0.000001	0.000158	0.000001	0.000159	0.033964	-0.000000	-152082.439215	78	-1	0.905868	2.906702e-01,1.976892e-01,3.857460e-02,1.947242e-01,1.722443e-01,3.941077e-02,3.014193e-02,3.048218e-02,6.062688e-03	0.398948	0.324363	0.043148	-155640.518928	18	1	deam	HC	4	ngsrelateWithRealFreq
childF	childG	89677	0.943982	0.055415	0.000588	0.000013	0.000000	0.000000	0.000000	0.000000	0.000001	0.028297	0.000001	0.000014	0.014149	0.000001	0.000001	0.000588	0.000001	0.000590	0.028304	-0.000006	-151803.506729	54	-1	0.905444	2.907868e-01,1.954289e-01,3.857101e-02,1.921910e-01,1.721327e-01,3.897285e-02,3.268266e-02,3.275771e-02,6.476452e-03	0.413946	0.324409	0.036865	-155913.456472	19	1	deam	HC	4	ngsrelateWithRealFreq
childD	childG	99408	0.904635	0.095309	0.000055	0.000001	0.000000	0.000000	0.000000	0.000000	0.000000	0.047710	0.000001	0.000001	0.023855	0.000000	0.000000	0.000055	0.000000	0.000055	0.047710	-0.000000	-174474.182310	62	-1	1.000000	2.976778e-01,1.880964e-01,3.638519e-02,1.876301e-01,1.676945e-01,4.032811e-02,3.477687e-02,3.789475e-02,9.516337e-03	0.424355	0.319350	0.032141	-181313.440117	5	20	deam	HC	4	ngsrelateWithRealFreq
childE	childG	99407	0.927247	0.072605	0.000136	0.000006	0.000001	0.000001	0.000000	0.000000	0.000003	0.036443	0.000005	0.000010	0.018223	0.000003	0.000004	0.000137	0.000003	0.000140	0.036447	-0.000003	-174004.877002	74	-1	0.999990	2.983941e-01,1.948956e-01,3.979583e-02,1.893945e-01,1.682173e-01,3.996634e-02,3.230162e-02,3.057655e-02,6.458238e-03	0.428597	0.319240	0.030359	-179127.691009	5	20	deam	HC	4	ngsrelateWithRealFreq
childF	childG	99408	0.934331	0.065507	0.000152	0.000006	0.000001	0.000003	0.000000	0.000000	0.000000	0.032906	0.000004	0.000007	0.016453	0.000001	0.000001	0.000152	0.000000	0.000152	0.032911	-0.000002	-173937.218399	46	-1	1.000000	2.982028e-01,1.937468e-01,3.950145e-02,1.884259e-01,1.672952e-01,3.951171e-02,3.345632e-02,3.264363e-02,7.216095e-03	0.436102	0.317276	0.027100	-179831.601981	5	20	deam	HC	4	ngsrelateWithRealFreq
childD	childG	98581	0.907606	0.092213	0.000172	0.000000	0.000000	0.000000	0.000002	0.000000	0.000007	0.046287	0.000009	0.000007	0.023147	0.000008	0.000007	0.000172	0.000007	0.000179	0.046288	-0.000000	-178733.619136	70	-1	0.993009	2.911066e-01,1.901336e-01,3.531365e-02,1.898022e-01,1.725423e-01,4.052049e-02,3.406409e-02,3.750206e-02,9.014973e-03	0.402091	0.327196	0.042073	-184845.235818	10	2	deam	HC	4	ngsrelateWithRealFreq
childE	childG	98581	0.930639	0.069326	0.000035	0.000000	0.000000	0.000000	0.000000	0.000000	0.000000	0.034698	0.000000	0.000000	0.017349	0.000000	0.000000	0.000035	0.000000	0.000035	0.034698	0.000000	-178547.397476	94	-1	0.993009	2.914367e-01,1.962564e-01,3.850314e-02,1.918299e-01,1.729549e-01,4.014074e-02,3.175945e-02,3.102585e-02,6.092861e-03	0.406248	0.326629	0.040277	-183219.832239	10	2	deam	HC	4	ngsrelateWithRealFreq
childF	childG	98589	0.938481	0.058217	0.003297	0.000004	0.000000	0.000000	0.000000	0.000000	0.000001	0.032406	0.000001	0.000005	0.016203	0.000001	0.000001	0.003297	0.000001	0.003297	0.032408	-0.000002	-178151.244464	82	-1	0.993090	2.911643e-01,1.957532e-01,3.812460e-02,1.906981e-01,1.719350e-01,3.930865e-02,3.322345e-02,3.243047e-02,7.362262e-03	0.414971	0.324688	0.036455	-183453.951300	10	2	deam	HC	4	ngsrelateWithRealFreq
childD	childG	99409	0.904913	0.095003	0.000082	0.000000	0.000000	0.000000	0.000000	0.000002	0.000000	0.047584	0.000002	0.000002	0.023792	0.000000	0.000000	0.000084	0.000000	0.000084	0.047586	0.000000	-174913.940245	82	-1	0.999970	2.970425e-01,1.883557e-01,3.621168e-02,1.876877e-01,1.684007e-01,4.034296e-02,3.465405e-02,3.793970e-02,9.365084e-03	0.420816	0.320646	0.033710	-181730.006480	5	10	deam	HC	4	ngsrelateWithRealFreq
childE	childG	99410	0.927144	0.072646	0.000210	0.000000	0.000000	0.000000	0.000000	0.000000	0.000001	0.036533	0.000001	0.000001	0.018267	0.000001	0.000001	0.000210	0.000001	0.000210	0.036533	-0.000000	-174548.462775	66	-1	0.999980	2.976281e-01,1.949984e-01,3.944141e-02,1.893327e-01,1.689099e-01,4.003000e-02,3.242400e-02,3.077861e-02,6.456903e-03	0.425466	0.320509	0.031753	-179713.533160	5	10	deam	HC	4	ngsrelateWithRealFreq
childF	childG	99410	0.935302	0.064162	0.000535	0.000000	0.000000	0.000000	0.000000	0.000000	0.000001	0.032616	0.000001	0.000001	0.016309	0.000001	0.000001	0.000535	0.000001	0.000535	0.032617	0.000000	-174454.077752	110	-1	0.999980	2.973296e-01,1.941216e-01,3.928666e-02,1.886943e-01,1.681311e-01,3.949094e-02,3.335930e-02,3.243473e-02,7.151792e-03	0.432079	0.318800	0.028874	-180309.197658	6	10	deam	HC	4	ngsrelateWithRealFreq
