a	b	nSites	J9	J8	J7	J6	J5	J4	J3	J2	J1	rab	Fa	Fb	theta	inbred_relatedness_1_2	inbred_relatedness_2_1	fraternity	identity	zygosity	2of3_IDB	FDiff	loglh	nIter	bestoptimll	coverage	2dsfs	R0	R1	KING	2dsfs_loglike	2dsfsf_niter	cov	deamination	kinship	degree	program	RMSE
childA	childC	99381	0.535437	0.46453	2.6e-05	0.0	0.0	0.0	0.0	1e-06	6e-06	0.232297	7e-06	7e-06	0.116152	6e-06	6e-06	2.7e-05	6e-06	3.3e-05	0.232298	-0.0	-170791.375931	82	-1	1.0	3.370474e-01,1.730988e-01,2.240370e-02,1.693053e-01,1.806061e-01,4.599299e-02,1.868203e-02,3.996949e-02,1.289425e-02	0.227488	0.384717	0.124667	-175395.786757	6	8	no_deam	HS	2	ngsrelateWithRealFreq	0.028947668558970362
childB	childC	99380	0.543396	0.456597	4e-06	0.0	0.0	0.0	0.0	0.0	2e-06	0.228305	2e-06	2e-06	0.114153	2e-06	2e-06	5e-06	2e-06	6e-06	0.228305	-0.0	-170977.110907	78	-1	0.99999	3.367308e-01,1.760967e-01,2.284335e-02,1.698071e-01,1.789433e-01,4.639008e-02,1.849402e-02,3.863365e-02,1.206093e-02	0.231008	0.378905	0.122042	-175117.117794	6	8	no_deam	HS	2	ngsrelateWithRealFreq	0.03543554355445956
childA	childC	98921	0.537417	0.462557	2.1e-05	0.0	0.0	0.0	0.0	0.0	4e-06	0.231304	4e-06	4e-06	0.115654	4e-06	4e-06	2.1e-05	4e-06	2.6e-05	0.231304	-0.0	-168188.815107	98	-1	0.996745	3.366571e-01,1.727582e-01,2.242127e-02,1.692390e-01,1.807267e-01,4.614306e-02,1.903978e-02,4.001446e-02,1.300038e-02	0.229413	0.384839	0.123865	-172559.581327	10	4	no_deam	HS	2	ngsrelateWithRealFreq	0.030561471272393517
childB	childC	98911	0.54586	0.454103	2.8e-05	5e-06	1e-06	0.0	0.0	1e-06	3e-06	0.227083	4e-06	9e-06	0.113543	3e-06	4e-06	2.8e-05	3e-06	3.1e-05	0.227086	-2e-06	-168259.117138	74	-1	0.996645	3.362497e-01,1.750506e-01,2.333513e-02,1.702487e-01,1.795144e-01,4.651551e-02,1.838242e-02,3.885832e-02,1.184528e-02	0.232391	0.380013	0.121665	-172180.684626	10	4	no_deam	HS	2	ngsrelateWithRealFreq	0.037459644921791074
childA	childC	68513	0.56732	0.432595	7.6e-05	0.0	0.0	0.0	0.0	0.0	1e-05	0.216382	1e-05	1e-05	0.108196	1e-05	1e-05	7.6e-05	1e-05	8.5e-05	0.216382	-0.0	-100425.603981	198	-1	0.697305	3.307186e-01,1.778325e-01,2.368796e-02,1.744522e-01,1.825174e-01,4.327483e-02,1.833408e-02,3.672901e-02,1.245340e-02	0.230236	0.384806	0.123505	-102209.924048	31	1	no_deam	HS	2	ngsrelateWithRealFreq	0.05500127938208955
childB	childC	66809	0.557895	0.442015	8.5e-05	2e-06	0.0	0.0	0.0	0.0	4e-06	0.221096	4e-06	6e-06	0.11055	4e-06	4e-06	8.5e-05	4e-06	8.8e-05	0.221097	-1e-06	-97962.775688	194	-1	0.679962	3.272214e-01,1.707864e-01,2.330273e-02,1.839951e-01,1.914838e-01,4.688627e-02,1.386668e-02,3.260028e-02,9.857282e-03	0.194113	0.40617	0.143343	-99534.683204	27	1	no_deam	HS	2	ngsrelateWithRealFreq	0.04730785162105759
childA	childC	99408	0.533683	0.466307	8e-06	0.0	0.0	0.0	0.0	0.0	2e-06	0.233163	2e-06	2e-06	0.116582	2e-06	2e-06	8e-06	2e-06	9e-06	0.233163	-0.0	-170896.69554	82	-1	1.0	3.372162e-01,1.729636e-01,2.221134e-02,1.689406e-01,1.806727e-01,4.633158e-02,1.872077e-02,4.011805e-02,1.282515e-02	0.226554	0.384995	0.125122	-175541.018164	5	20	no_deam	HS	2	ngsrelateWithRealFreq	0.027506137509048168
childB	childC	99408	0.542993	0.456971	3e-05	1e-06	4e-06	0.0	0.0	0.0	0.0	0.228519	0.0	6e-06	0.11426	0.0	2e-06	3e-05	0.0	3e-05	0.22852	-1e-06	-171070.45608	74	-1	1.0	3.368383e-01,1.758907e-01,2.289539e-02,1.695600e-01,1.791035e-01,4.649251e-02,1.847925e-02,3.876022e-02,1.198018e-02	0.23101	0.379394	0.122136	-175256.023394	5	20	no_deam	HS	2	ngsrelateWithRealFreq	0.03511834178887149
childA	childC	91976	0.548515	0.450325	0.00115	0.0	0.0	0.0	0.0	0.0	1.1e-05	0.226323	1.1e-05	1.1e-05	0.113167	1.1e-05	1.1e-05	0.00115	1.1e-05	0.00116	0.226323	0.0	-147597.367188	210	-1	0.92998	3.351768e-01,1.746100e-01,2.294070e-02,1.696771e-01,1.819949e-01,4.591811e-02,1.898799e-02,3.798500e-02,1.270936e-02	0.230384	0.387125	0.123883	-150949.475472	18	2	no_deam	HS	2	ngsrelateWithRealFreq	0.040094194716941256
childB	childC	91957	0.556231	0.443584	7.5e-05	3.4e-05	5.3e-05	0.0	0.0	1.4e-05	7e-06	0.221915	2.2e-05	0.000108	0.110967	7e-06	3.4e-05	8.9e-05	7e-06	9.6e-05	0.221959	-1.7e-05	-147761.384235	74	-1	0.929788	3.340095e-01,1.769248e-01,2.331613e-02,1.719459e-01,1.801455e-01,4.648725e-02,1.830568e-02,3.715018e-02,1.171508e-02	0.231045	0.37995	0.122228	-150805.776364	18	2	no_deam	HS	2	ngsrelateWithRealFreq	0.04598802757965021
childA	childC	99398	0.534234	0.465749	1.3e-05	0.0	0.0	0.0	0.0	0.0	4e-06	0.232892	4e-06	5e-06	0.116448	4e-06	4e-06	1.3e-05	4e-06	1.7e-05	0.232892	-0.0	-170845.985034	90	-1	1.0	3.371584e-01,1.729708e-01,2.223872e-02,1.691204e-01,1.805925e-01,4.622515e-02,1.871829e-02,4.009587e-02,1.287986e-02	0.226792	0.384756	0.124973	-175494.280801	5	10	no_deam	HS	2	ngsrelateWithRealFreq	0.02795888604123322
childB	childC	99398	0.543712	0.45624	3.9e-05	3e-06	6e-06	0.0	0.0	0.0	0.0	0.228163	0.0	9e-06	0.114082	0.0	3e-06	3.9e-05	0.0	3.9e-05	0.228166	-2e-06	-171023.788429	70	-1	1.0	3.369045e-01,1.760816e-01,2.299773e-02,1.696389e-01,1.789598e-01,4.638529e-02,1.844897e-02,3.861630e-02,1.196689e-02	0.231598	0.379017	0.121812	-175168.020559	6	10	no_deam	HS	2	ngsrelateWithRealFreq	0.03571030693884703
childA	childC	99413	0.535434	0.464496	7.1e-05	0.0	0.0	0.0	0.0	0.0	0.0	0.232318	0.0	0.0	0.116159	0.0	0.0	7.1e-05	0.0	7.1e-05	0.232318	-0.0	-172113.306366	90	-1	0.99994	3.356229e-01,1.735221e-01,2.205845e-02,1.695311e-01,1.819816e-01,4.596203e-02,1.864248e-02,3.998077e-02,1.269858e-02	0.223654	0.387445	0.126841	-176728.843157	5	8	deam	HS	2	ngsrelateWithRealFreq	0.028960360339609012
childB	childC	99411	0.54323	0.456738	3.2e-05	0.0	0.0	0.0	0.0	0.0	0.0	0.228401	0.0	0.0	0.1142	0.0	0.0	3.2e-05	0.0	3.2e-05	0.228401	-0.0	-172227.239609	66	-1	0.99992	3.354048e-01,1.764897e-01,2.259102e-02,1.700008e-01,1.803195e-01,4.628876e-02,1.839306e-02,3.866839e-02,1.184391e-02	0.227286	0.381684	0.124167	-176383.371503	5	8	deam	HS	2	ngsrelateWithRealFreq	0.03531021838882715
childA	childC	99405	0.532567	0.467366	6.7e-05	0.0	0.0	0.0	0.0	0.0	0.0	0.23375	0.0	0.0	0.116875	0.0	0.0	6.7e-05	0.0	6.7e-05	0.23375	-0.0	-175475.616233	114	-1	0.99992	3.321909e-01,1.745450e-01,2.153664e-02,1.704074e-01,1.851262e-01,4.605217e-02,1.797605e-02,3.966520e-02,1.250041e-02	0.213436	0.393733	0.132473	-179966.930164	7	4	deam	HS	2	ngsrelateWithRealFreq	0.026618238947508654
childB	childC	99409	0.544204	0.45578	1.3e-05	0.0	0.0	0.0	0.0	1e-06	3e-06	0.227906	4e-06	4e-06	0.113954	3e-06	3e-06	1.3e-05	3e-06	1.6e-05	0.227906	0.0	-175881.865156	70	-1	0.99996	3.317460e-01,1.773278e-01,2.219415e-02,1.706550e-01,1.833734e-01,4.626014e-02,1.814230e-02,3.865704e-02,1.164427e-02	0.219969	0.387488	0.128432	-179956.229968	9	4	deam	HS	2	ngsrelateWithRealFreq	0.036098948207207736
childA	childC	89707	0.558087	0.441888	2.3e-05	0.0	0.0	0.0	0.0	0.0	3e-06	0.220969	3e-06	3e-06	0.110486	3e-06	3e-06	2.3e-05	3e-06	2.5e-05	0.220969	0.0	-150253.417339	98	-1	0.905491	3.294910e-01,1.759786e-01,2.163188e-02,1.730554e-01,1.847501e-01,4.616648e-02,1.889525e-02,3.861961e-02,1.141168e-02	0.219362	0.389483	0.129084	-153431.427485	18	1	deam	HS	2	ngsrelateWithRealFreq	0.047438046060098216
childB	childC	89776	0.553572	0.446388	3.3e-05	0.0	0.0	0.0	0.0	1e-06	6e-06	0.223232	7e-06	7e-06	0.111619	6e-06	6e-06	3.4e-05	6e-06	4e-05	0.223234	0.0	-150180.270688	94	-1	0.906188	3.316103e-01,1.781605e-01,2.280333e-02,1.735156e-01,1.829538e-01,4.526719e-02,1.657095e-02,3.778469e-02,1.133363e-02	0.215214	0.385895	0.130153	-153006.239052	22	1	deam	HS	2	ngsrelateWithRealFreq	0.04375769196000476
childA	childC	99410	0.533835	0.466131	2.6e-05	0.0	0.0	0.0	0.0	2e-06	6e-06	0.233097	8e-06	9e-06	0.116552	6e-06	6e-06	2.8e-05	6e-06	3.4e-05	0.2331	-0.0	-170913.254838	86	-1	1.0	3.370345e-01,1.730222e-01,2.221105e-02,1.690613e-01,1.807057e-01,4.624172e-02,1.871013e-02,4.007536e-02,1.293812e-02	0.226452	0.385036	0.125173	-175575.769294	5	20	deam	HS	2	ngsrelateWithRealFreq	0.027640049819057825
childB	childC	99410	0.542999	0.456966	3.1e-05	0.0	4e-06	0.0	0.0	0.0	0.0	0.228517	0.0	4e-06	0.114259	0.0	2e-06	3.1e-05	0.0	3.1e-05	0.228518	-0.0	-171070.095965	98	-1	1.0	3.367743e-01,1.759944e-01,2.287249e-02,1.695399e-01,1.791641e-01,4.647754e-02,1.848898e-02,3.864773e-02,1.204055e-02	0.230858	0.379568	0.122234	-175263.056008	5	20	deam	HS	2	ngsrelateWithRealFreq	0.035122832640131225
childA	childC	98620	0.539211	0.460667	0.000114	0.0	0.0	0.0	0.0	0.0	8e-06	0.230455	8e-06	8e-06	0.115231	8e-06	8e-06	0.000114	8e-06	0.000122	0.230456	0.0	-175759.479444	62	-1	0.993442	3.301012e-01,1.755228e-01,2.143226e-02,1.707494e-01,1.865435e-01,4.553770e-02,1.794530e-02,4.019810e-02,1.196973e-02	0.21109	0.395734	0.133883	-179857.603885	11	2	deam	HS	2	ngsrelateWithRealFreq	0.03206555995664716
childB	childC	98612	0.549597	0.450379	2.1e-05	0.0	0.0	0.0	0.0	1e-06	2e-06	0.225213	3e-06	3e-06	0.112608	2e-06	2e-06	2.2e-05	2e-06	2.4e-05	0.225214	0.0	-175386.000882	94	-1	0.993362	3.292026e-01,1.785372e-01,2.212616e-02,1.723770e-01,1.853616e-01,4.532392e-02,1.739816e-02,3.836266e-02,1.131059e-02	0.213228	0.390955	0.132013	-179064.495835	10	2	deam	HS	2	ngsrelateWithRealFreq	0.04050558188283027
childA	childC	99410	0.534291	0.465629	6.3e-05	6e-06	0.0	1e-05	0.0	1e-06	0.0	0.232878	1.1e-05	7e-06	0.116439	0.0	0.0	6.4e-05	0.0	6.4e-05	0.232887	2e-06	-171479.302714	114	-1	1.0	3.363731e-01,1.733376e-01,2.208678e-02,1.692652e-01,1.813561e-01,4.615074e-02,1.866962e-02,3.995568e-02,1.280510e-02	0.224731	0.386303	0.126157	-176105.167448	5	10	deam	HS	2	ngsrelateWithRealFreq	0.02803118674500479
childB	childC	99409	0.542618	0.457352	2.5e-05	2e-06	1e-06	0.0	0.0	1e-06	2e-06	0.228704	3e-06	5e-06	0.114353	2e-06	2e-06	2.6e-05	2e-06	2.8e-05	0.228706	-1e-06	-171750.592186	54	-1	0.99999	3.360662e-01,1.762160e-01,2.266071e-02,1.697668e-01,1.798429e-01,4.641226e-02,1.846441e-02,3.860119e-02,1.196964e-02	0.228672	0.380925	0.123428	-175923.189375	5	10	deam	HS	2	ngsrelateWithRealFreq	0.03480970388172435
childA	childC	99379	0.534911	0.465069	1.6e-05	0.0	0.0	0.0	0.0	0.0	3e-06	0.232554	3e-06	3e-06	0.116279	3e-06	3e-06	1.6e-05	3e-06	1.9e-05	0.232554	-0.0	-170770.683232	90	-1	0.99998	3.372213e-01,1.732495e-01,2.232294e-02,1.692865e-01,1.803819e-01,4.612859e-02,1.863198e-02,3.995026e-02,1.282712e-02	0.227046	0.384143	0.124746	-175360.98248	6	8	no_deam	HS	2	ngsrelateWithRealFreq	0.02851287976803934
childB	childC	99381	0.543344	0.45665	3e-06	1e-06	0.0	0.0	0.0	0.0	2e-06	0.22833	2e-06	3e-06	0.114166	2e-06	2e-06	3e-06	2e-06	5e-06	0.228331	-1e-06	-170983.876275	66	-1	1.0	3.369520e-01,1.758872e-01,2.288263e-02,1.696721e-01,1.787677e-01,4.645032e-02,1.852804e-02,3.890909e-02,1.195094e-02	0.231645	0.378481	0.121689	-175140.811898	6	8	no_deam	HS	2	ngsrelateWithRealFreq	0.035392677420619106
childA	childC	98857	0.534078	0.465774	0.000147	0.0	0.0	0.0	0.0	0.0	0.0	0.233035	0.0	0.0	0.116517	0.0	0.0	0.000147	0.0	0.000147	0.233035	-0.0	-168072.005869	102	-1	0.99608	3.369633e-01,1.731992e-01,2.257944e-02,1.688444e-01,1.807187e-01,4.607198e-02,1.865796e-02,4.002729e-02,1.293775e-02	0.228186	0.385016	0.124425	-172348.363551	10	4	no_deam	HS	2	ngsrelateWithRealFreq	0.027885185846012708
childB	childC	98865	0.54509	0.454853	5e-05	5e-06	2e-06	0.0	0.0	0.0	0.0	0.227478	0.0	7e-06	0.113739	0.0	1e-06	5e-05	0.0	5e-05	0.227481	-3e-06	-168209.572009	75	-1	0.996161	3.360315e-01,1.756291e-01,2.312569e-02,1.699549e-01,1.794812e-01,4.669399e-02,1.841550e-02,3.884104e-02,1.182718e-02	0.231452	0.379726	0.122011	-172092.21927	10	4	no_deam	HS	2	ngsrelateWithRealFreq	0.03683911964655687
childA	childC	68677	0.572362	0.418215	0.009422	0.0	0.0	0.0	0.0	0.0	1e-06	0.21853	1e-06	1e-06	0.109266	1e-06	1e-06	0.009422	1e-06	0.009423	0.21853	0.0	-100642.530268	102	-1	0.698043	3.330171e-01,1.749226e-01,2.421660e-02,1.710107e-01,1.835714e-01,4.408987e-02,1.985637e-02,3.673512e-02,1.258024e-02	0.240086	0.389888	0.120198	-102531.426563	26	1	no_deam	HS	2	ngsrelateWithRealFreq	0.06328195991749941
childB	childC	68530	0.5765	0.423471	1.9e-05	0.0	0.0	0.0	0.0	0.0	1e-05	0.211764	1e-05	1e-05	0.105887	1e-05	1e-05	1.9e-05	1e-05	2.9e-05	0.211764	-0.0	-100706.321815	122	-1	0.696549	3.311899e-01,1.778883e-01,2.396115e-02,1.727498e-01,1.790748e-01,4.600416e-02,1.972455e-02,3.820383e-02,1.120360e-02	0.243952	0.374217	0.115642	-102438.623182	31	1	no_deam	HS	2	ngsrelateWithRealFreq	0.062473829726267534
childA	childC	99408	0.533724	0.466213	6.3e-05	0.0	0.0	0.0	0.0	0.0	0.0	0.23317	0.0	0.0	0.116585	0.0	0.0	6.3e-05	0.0	6.3e-05	0.23317	-0.0	-170904.846885	102	-1	1.0	3.370249e-01,1.729944e-01,2.225165e-02,1.690599e-01,1.806810e-01,4.620344e-02,1.868035e-02,4.008734e-02,1.301704e-02	0.226543	0.38502	0.125131	-175581.341638	5	20	no_deam	HS	2	ngsrelateWithRealFreq	0.027561286339114626
childB	childC	99408	0.542915	0.457058	2.1e-05	3e-06	3e-06	0.0	0.0	0.0	0.0	0.228552	0.0	6e-06	0.114276	0.0	2e-06	2.1e-05	0.0	2.1e-05	0.228554	-1e-06	-171072.541016	74	-1	1.0	3.368029e-01,1.759222e-01,2.289536e-02,1.694834e-01,1.791108e-01,4.655561e-02,1.847937e-02,3.872925e-02,1.202113e-02	0.231001	0.37942	0.122145	-175272.706184	5	20	no_deam	HS	2	ngsrelateWithRealFreq	0.03505097730449182
childA	childC	92042	0.547138	0.450097	0.002742	0.0	0.0	0.0	0.0	2.2e-05	2e-06	0.227792	2.4e-05	2.4e-05	0.113897	2e-06	2e-06	0.002763	2e-06	0.002765	0.227814	-0.0	-147825.531334	130	-1	0.930497	3.353058e-01,1.738649e-01,2.277699e-02,1.689219e-01,1.821621e-01,4.591758e-02,1.937781e-02,3.848014e-02,1.319264e-02	0.231414	0.388125	0.123628	-151279.672264	18	2	no_deam	HS	2	ngsrelateWithRealFreq	0.03966450561480209
childB	childC	92003	0.554101	0.445897	0.0	0.0	0.0	0.0	0.0	0.0	1e-06	0.22295	2e-06	2e-06	0.111476	1e-06	1e-06	0.0	1e-06	2e-06	0.22295	0.0	-147791.632758	298	-1	0.930103	3.349210e-01,1.763739e-01,2.325422e-02,1.707389e-01,1.798981e-01,4.691103e-02,1.847090e-02,3.781640e-02,1.161550e-02	0.231938	0.37988	0.121834	-150838.879882	18	2	no_deam	HS	2	ngsrelateWithRealFreq	0.04417409802889772
childA	childC	99395	0.533911	0.466054	2.6e-05	0.0	0.0	0.0	0.0	1e-06	7e-06	0.23306	8e-06	8e-06	0.116533	7e-06	7e-06	2.8e-05	7e-06	3.4e-05	0.233061	-0.0	-170852.548829	74	-1	1.0	3.372416e-01,1.727508e-01,2.222489e-02,1.690836e-01,1.805630e-01,4.618306e-02,1.876572e-02,4.028012e-02,1.290723e-02	0.227016	0.384759	0.124878	-175513.191757	6	10	no_deam	HS	2	ngsrelateWithRealFreq	0.02770251199801202
childB	childC	99395	0.543121	0.456833	2.5e-05	2e-05	0.0	0.0	0.0	0.0	0.0	0.228442	0.0	2e-05	0.114221	0.0	0.0	2.5e-05	0.0	2.5e-05	0.228452	-1e-05	-171044.193691	102	-1	1.0	3.369133e-01,1.758947e-01,2.290011e-02,1.696603e-01,1.789762e-01,4.641817e-02,1.851710e-02,3.871843e-02,1.200163e-02	0.231412	0.3791	0.121908	-175197.090852	6	10	no_deam	HS	2	ngsrelateWithRealFreq	0.03522693645020336
childA	childC	99407	0.534688	0.465274	3e-05	0.0	0.0	0.0	0.0	3e-06	6e-06	0.232672	9e-06	9e-06	0.116339	6e-06	6e-06	3.3e-05	6e-06	3.8e-05	0.232675	-0.0	-172070.976493	90	-1	0.99996	3.356636e-01,1.734499e-01,2.203905e-02,1.696784e-01,1.819004e-01,4.603528e-02,1.855290e-02,3.996309e-02,1.271739e-02	0.223155	0.387254	0.127019	-176687.437875	5	8	deam	HS	2	ngsrelateWithRealFreq	0.028338156373812803
childB	childC	99408	0.543188	0.45672	6.6e-05	4e-06	5e-06	1.6e-05	1e-06	0.0	0.0	0.228432	1.7e-05	9e-06	0.114217	1e-06	3e-06	6.7e-05	0.0	6.7e-05	0.228443	6e-06	-172274.331309	50	-1	0.99997	3.354799e-01,1.762336e-01,2.258283e-02,1.699425e-01,1.804754e-01,4.633788e-02,1.846313e-02,3.860855e-02,1.187619e-02	0.227432	0.382227	0.12421	-176449.893701	5	8	deam	HS	2	ngsrelateWithRealFreq	0.035300453727017914
childA	childC	99390	0.532184	0.467761	5.5e-05	0.0	0.0	0.0	0.0	0.0	0.0	0.233936	0.0	0.0	0.116968	0.0	0.0	5.5e-05	0.0	5.5e-05	0.233936	-0.0	-175386.43713	210	-1	0.999859	3.323476e-01,1.737714e-01,2.154368e-02,1.707078e-01,1.852395e-01,4.577217e-02,1.800000e-02,4.019180e-02,1.242609e-02	0.213473	0.394138	0.132537	-179900.756793	9	4	deam	HS	2	ngsrelateWithRealFreq	0.02630060837065688
childB	childC	99399	0.545127	0.454858	1.3e-05	0.0	0.0	0.0	0.0	0.0	2e-06	0.227444	2e-06	2e-06	0.113723	2e-06	2e-06	1.3e-05	2e-06	1.5e-05	0.227444	0.0	-175680.196814	90	-1	0.99995	3.320014e-01,1.767877e-01,2.239209e-02,1.709515e-01,1.836430e-01,4.590288e-02,1.806308e-02,3.879600e-02,1.146231e-02	0.220293	0.388339	0.12846	-179722.702993	9	4	deam	HS	2	ngsrelateWithRealFreq	0.036852166204987206
childA	childC	89717	0.549309	0.450648	3.7e-05	0.0	0.0	0.0	0.0	1e-06	5e-06	0.225366	6e-06	6e-06	0.112686	5e-06	5e-06	3.8e-05	5e-06	4.3e-05	0.225367	0.0	-150266.616493	102	-1	0.905848	3.299134e-01,1.763361e-01,2.177921e-02,1.728277e-01,1.845031e-01,4.542793e-02,1.781425e-02,3.939560e-02,1.200274e-02	0.214595	0.389592	0.131154	-153380.697976	15	1	deam	HS	2	ngsrelateWithRealFreq	0.04027819407570307
childB	childC	89724	0.559419	0.440571	5e-06	0.0	0.0	0.0	0.0	0.0	5e-06	0.220296	5e-06	5e-06	0.11015	5e-06	5e-06	5e-06	5e-06	1e-05	0.220296	0.0	-150365.928669	110	-1	0.905919	3.299365e-01,1.780701e-01,2.251174e-02,1.725205e-01,1.835185e-01,4.592291e-02,1.804499e-02,3.876228e-02,1.071251e-02	0.220995	0.385679	0.127637	-153183.829351	18	1	deam	HS	2	ngsrelateWithRealFreq	0.04851949308267761
childA	childC	99408	0.533785	0.466195	1.6e-05	0.0	0.0	0.0	0.0	1e-06	4e-06	0.233117	5e-06	5e-06	0.116561	4e-06	4e-06	1.6e-05	4e-06	2e-05	0.233118	-0.0	-170924.891018	94	-1	1.0	3.369644e-01,1.730463e-01,2.222762e-02,1.690533e-01,1.806992e-01,4.625464e-02,1.869080e-02,4.004880e-02,1.301489e-02	0.226445	0.385022	0.125174	-175600.661452	5	20	deam	HS	2	ngsrelateWithRealFreq	0.02759350470672398
childB	childC	99408	0.543054	0.456925	1.1e-05	1e-06	3e-06	0.0	0.0	0.0	5e-06	0.228481	6e-06	9e-06	0.114244	5e-06	7e-06	1.2e-05	5e-06	1.7e-05	0.228483	-0.0	-171083.230569	70	-1	1.0	3.367482e-01,1.759957e-01,2.293500e-02,1.695298e-01,1.791478e-01,4.653039e-02,1.843142e-02,3.864926e-02,1.203244e-02	0.230907	0.379493	0.122199	-175277.493116	5	20	deam	HS	2	ngsrelateWithRealFreq	0.035162018628059455
childA	childC	98552	0.543443	0.456495	5.8e-05	0.0	0.0	0.0	0.0	1e-06	4e-06	0.228309	4e-06	4e-06	0.114156	4e-06	4e-06	5.9e-05	4e-06	6.3e-05	0.22831	0.0	-175599.634272	142	-1	0.992717	3.292281e-01,1.758482e-01,2.169590e-02,1.712307e-01,1.864598e-01,4.518565e-02,1.820695e-02,3.966558e-02,1.247908e-02	0.214002	0.395182	0.132514	-179704.913191	10	2	deam	HS	2	ngsrelateWithRealFreq	0.03549639717868093
childB	childC	98522	0.550697	0.44928	2.3e-05	0.0	0.0	0.0	0.0	0.0	0.0	0.224663	0.0	0.0	0.112331	0.0	0.0	2.3e-05	0.0	2.3e-05	0.224663	-0.0	-175837.83977	78	-1	0.992415	3.284770e-01,1.791608e-01,2.183753e-02,1.723129e-01,1.844554e-01,4.579871e-02,1.792048e-02,3.839302e-02,1.164416e-02	0.215543	0.387981	0.130428	-179543.47773	10	2	deam	HS	2	ngsrelateWithRealFreq	0.041403320068162
childA	childC	99408	0.534426	0.465497	7.7e-05	0.0	0.0	0.0	0.0	0.0	0.0	0.232825	0.0	0.0	0.116413	0.0	0.0	7.7e-05	0.0	7.7e-05	0.232825	-0.0	-171453.999807	99	-1	0.99996	3.363957e-01,1.731722e-01,2.222386e-02,1.692989e-01,1.814911e-01,4.605947e-02,1.854519e-02,4.001789e-02,1.279564e-02	0.224634	0.386713	0.126278	-176091.484299	5	10	deam	HS	2	ngsrelateWithRealFreq	0.02814019908718959
childB	childC	99407	0.543079	0.456887	3.3e-05	0.0	1e-06	0.0	0.0	0.0	0.0	0.228477	0.0	1e-06	0.114239	0.0	0.0	3.3e-05	0.0	3.3e-05	0.228477	-0.0	-171703.566284	86	-1	0.99995	3.359810e-01,1.761809e-01,2.282147e-02,1.699548e-01,1.798593e-01,4.626574e-02,1.830916e-02,3.863384e-02,1.199385e-02	0.228682	0.380924	0.123424	-175879.784324	5	10	deam	HS	2	ngsrelateWithRealFreq	0.035187744547403615
